1,1871,1
2,1871,1.0187
3,1871,1.0294492981250614
4,1871,1.0341375035758558
5,1871,1.0278469340710004
6,1871,0.996501300798421
7,1871,0.9862261433201296
8,1871,1.0148790506617984
9,1871,1.0146609102356539
10,1871,0.9528410601896994
11,1871,1.0152572332309981
12,1871,1.0285897553376706
1,1872,1.028240534521158
2,1872,1.0097036908681338
3,1872,1.0350094388192894
4,1872,1.0340739512518653
5,1872,1.0042491782249658
6,1872,0.9946511256586299
7,1872,0.9971105225138456
8,1872,0.9926748772438219
9,1872,0.9902692182938698
10,1872,1.0077792335407794
11,1872,1.0025188916876575
12,1872,1.027719241368131
1,1873,1.012223974763407
2,1873,1.0146474483833268
3,1873,0.995546341088843
4,1873,0.9908985730813729
5,1873,1.008017435977271
6,1873,0.9933590733590733
7,1873,1.0033426616915424
8,1873,1.0058108003409003
9,1873,0.9282853181327995
10,1873,0.9197576964567256
11,1873,0.9704077950198484
12,1873,1.101524730383042
1,1874,1.0579000675219445
2,1874,1.0335886389021862
3,1874,0.9913546893091469
4,1874,0.9754730203223545
5,1874,0.9809227330779055
6,1874,1
7,1874,1.005533403857108
8,1874,1.0083353564781097
9,1874,1.02223113964687
10,1874,1.0027478998194237
11,1874,1.0110397745067334
12,1874,1.0027878881747079
1,1875,1.0059464051278089
2,1875,1.00322432058959
3,1875,1.0169115396388122
4,1875,1.0190383023553315
5,1875,0.9678038694432138
6,1875,0.9832900961391728
7,1875,1.0080701482113756
8,1875,1.0108536679239473
9,1875,0.9939080109655805
10,1875,0.990959239963224
11,1875,1.019715478583578
12,1875,1.0054590947001292
1,1876,1.028730864942312
2,1876,1.0196452133118312
3,1876,1.0026599568655643
4,1876,0.9664443966444395
5,1876,0.9678759551895544
6,1876,0.9996167407634523
7,1876,0.9932520512230658
8,1876,0.9629429475797114
9,1876,0.9454020684678905
10,1876,0.9988975576662145
11,1876,0.9887087189065284
12,1876,0.9989696032972696
1,1877,0.9981949458483754
2,1877,0.9457504520795661
3,1877,0.9532914504233817
4,1877,0.9350525310410698
5,1877,1.0056179775280898
6,1877,0.9336719146775012
7,1877,1.0464534377719756
8,1877,1.0745399729701632
9,1877,1.065499226006192
10,1877,1.02696812857532
11,1877,0.9888594164456234
12,1877,1.0000894134477825
1,1878,1.0041126508717033
2,1878,0.985041403258837
3,1878,1.0198861068426286
4,1878,1.0350084197465212
5,1878,1.0077924302106525
6,1878,1.026000509813918
7,1878,1.0217805383022773
8,1878,0.9928675636245745
9,1878,1.0255510204081633
10,1878,0.993234100135318
11,1878,1.0004808462894694
12,1878,0.9968760012816404
1,1879,1.0440337484933708
2,1879,1.038713153236358
3,1879,0.9904416123295788
4,1879,1.0344879180070323
5,1879,1.0502603413364189
6,1879,1.013289265303312
7,1879,1.0194346289752652
8,1879,1.0130649246767096
9,1879,1.040400052638505
10,1879,1.1125727295724765
11,1879,1.0565029558890406
12,1879,1.0010760787689659
1,1880,1.0414919918305923
2,1880,1.023015791103313
3,1880,1.0200766747376917
4,1880,0.9822965087528434
5,1880,0.9245368505839711
6,1880,1.0068608766675742
7,1880,1.0511059434319399
8,1880,1.0413665363243465
9,1880,1.0016304347826086
10,1880,1.032851575987767
11,1880,1.057643631501027
12,1880,1.0436647701616544
1,1881,1.0632111798554926
2,1881,0.9995116790103362
3,1881,1.0155117661428223
4,1881,1.0014031992943913
5,1881,1.0473616782768838
6,1881,1.0148694621765222
7,1881,0.9694161958568739
8,1881,0.9799906752661435
9,1881,1.01173532093724
10,1881,0.9877346290998864
11,1881,1.0097992541458383
12,1881,0.9760342592228815
1,1882,0.9874813830857786
2,1882,0.9830833197456383
3,1882,1.0020732263548535
4,1882,1.0040137377415483
5,1882,0.9912627761292451
6,1882,0.9999584234159321
7,1882,1.0614111679348053
8,1882,1.0331792541523033
9,1882,1.014218009478673
10,1882,0.9782803738317757
11,1882,0.9613282891971416
12,1882,1.00882458162738
1,1883,1.000275818590173
2,1883,0.9810525486488617
3,1883,1.017827745432644
4,1883,1.0262337764803344
5,1883,0.9855078034904283
6,1883,1.0154854312127002
7,1883,0.9876699700391797
8,1883,0.959203515731342
9,1883,1.0163801492053195
10,1883,0.9780596776767193
11,1883,1.0190472306060854
12,1883,0.9843906343806283
1,1884,0.974710306972962
2,1884,1.0314103366287073
3,1884,1.0002831028067622
4,1884,0.9651073464601949
5,1884,0.919564306661081
6,1884,0.9657403189066058
7,1884,1.005755259930182
8,1884,1.0698874296435272
9,1884,0.9711091626479614
10,1884,0.9725068845650309
11,1884,0.9856559279546931
12,1884,1.0024490180379597
1,1885,0.9821000704721635
2,1885,1.0357347876004592
3,1885,1.0072052099210198
4,1885,1.0022928417480625
5,1885,0.9931372100471244
6,1885,1
7,1885,1.0417376883033123
8,1885,1.0603192853668244
9,1885,0.9912833131751261
10,1885,1.0621423763042745
11,1885,1.068766092295504
12,1885,0.9958489307290315
1,1886,1.0035356730805016
2,1886,1.0227340157246698
3,1886,0.98263045291366
4,1886,0.989925455753192
5,1886,0.9839701770736253
6,1886,1.049100208372798
7,1886,1.0184175363836625
8,1886,1.0106024609056417
9,1886,1.0291929824561403
10,1886,1.0284672030546844
11,1886,1.0277455497729306
12,1886,0.9770674751644949
1,1887,0.9924735087313898
2,1887,0.9959421253949775
3,1887,1.0266506362087968
4,1887,1.0259913470609283
5,1887,1.020291693088142
6,1887,0.974238657551274
7,1887,0.9789480399349303
8,1887,0.9783975758365643
9,1887,0.990708671906221
10,1887,0.9702847154526202
11,1887,1.023142213753681
12,1887,0.9982053973521147
1,1888,1.0114314789687924
2,1888,0.9981554146963142
3,1888,0.9659969088098918
4,1888,1.0079652173913045
5,1888,1.0176334587114806
6,1888,0.9726347914547305
7,1888,1.029669142000488
8,1888,1.025022008532539
9,1888,1.0282099560664617
10,1888,0.997686895621165
11,1888,0.982579294799549
12,1888,0.984105656420004
1,1889,1.0226780778580706
2,1889,1.0146532074242918
3,1889,0.9824454428754812
4,1889,1.0013393002972595
5,1889,1.030273373784824
6,1889,1.0201697169273638
7,1889,0.9829914025885347
8,1889,1.0166082536074013
9,1889,1.0275491505419758
10,1889,0.9850683109660259
11,1889,0.9940472537588217
12,1889,0.997746635387085
1,1890,1.014324165454939
2,1890,0.9918867809430854
3,1890,0.9956027060270602
4,1890,1.0239985174661026
5,1890,1.0457561681848342
6,1890,0.9958466730120273
7,1890,0.9960031279867929
8,1890,0.9796737328796998
9,1890,0.9866132383496586
10,1890,0.9579409729534584
11,1890,0.9304041958481203
12,1890,0.9801856540084388
1,1891,1.0558578414491357
2,1891,1.0159165035877364
3,1891,0.9851354822139463
4,1891,1.0368258106566726
5,1891,0.9994970925663997
6,1891,0.9833957042674298
7,1891,0.9872405743340477
8,1891,1.0372829748639543
9,1891,1.0846891296880368
10,1891,1.0032819922268605
11,1891,0.9883210422106804
12,1891,1.0339120840833866
1,1892,1.0218197135636056
2,1892,1.0050842333800534
3,1892,1.014191184512742
4,1892,1.0015098002210778
5,1892,1.003338089213126
6,1892,0.9979340506023451
7,1892,1.0033069849975802
8,1892,1.0177399040651713
9,1892,0.9783301298085784
10,1892,1.0234417052427602
11,1892,0.9997896231624899
12,1892,0.9925826560404009
1,1893,1.0216763388716645
2,1893,0.9856568538451562
3,1893,0.9673438240092628
4,1893,1.0037267756589865
5,1893,0.9151444522738359
6,1893,0.9564959872064441
7,1893,0.9109232769830948
8,1893,0.9806260834098093
9,1893,1.0757686042078265
10,1893,1.0338628089054998
11,1893,1.0195711792570432
12,1893,0.9689142927008191
1,1894,0.9835641502886525
2,1894,1.017736865738662
3,1894,1.0335003624216066
4,1894,1.016984814295298
5,1894,0.9664477826751822
6,1894,0.9901030032266072
7,1894,0.9830476608278759
8,1894,1.0415976029580516
9,1894,1.019646846405729
10,1894,0.9724481527056634
11,1894,1.0037653158853124
12,1894,0.9945576976293699
1,1895,0.9921474061707787
2,1895,0.9897170634426024
3,1895,1.0038410679428247
4,1895,1.0466378120687492
5,1895,1.058404003476072
6,1895,1.0227633069082673
7,1895,1.007391208061123
8,1895,1.0179439971421504
9,1895,1.0093672389590758
10,1895,0.9885533952020539
11,1895,0.9694559424289153
12,1895,0.9443545236367695
1,1896,0.9916075650118205
2,1896,1.0452974132792943
3,1896,0.9875698483293419
4,1896,1.0125000000000002
5,1896,0.9987169617654604
6,1896,0.9851547333561722
7,1896,0.9385649704416368
8,1896,0.9467086575274793
9,1896,1.0562911747439827
10,1896,1.02596640731135
11,1896,1.0717445604742843
12,1896,0.9666975542638924
1,1897,1.003340401429111
2,1897,0.9939204446760465
3,1897,1.0057963416054994
4,1897,0.9723147316903652
5,1897,1.0083991064780342
6,1897,1.0500044303984406
7,1897,1.0478199718706047
8,1897,1.0681073825503355
9,1897,1.0513484303918363
10,1897,0.9706430791298112
11,1897,0.9676616915422885
12,1897,1.0245361297055156
1,1898,1.0303083000024844
2,1898,1.0008921466978515
3,1898,0.9577933028185979
4,1898,0.9859147844458978
5,1898,1.0688045308434102
6,1898,1.0420097863706888
7,1898,1.0069407857061046
8,1898,1.0403339551389963
9,1898,1.0010496162340645
10,1898,0.9820441687236505
11,1898,1.0361234068109526
12,1898,1.0651123848779545
1,1899,1.0789494900632886
2,1899,1.0404064934337116
3,1899,1.016716342873559
4,1899,1.0149227373068432
5,1899,0.9607447363842004
6,1899,0.9799507371318869
7,1899,1.0373334319034504
8,1899,1.0280969943164608
9,1899,0.9916816858450022
10,1899,0.9979554033272754
11,1899,1.0216435813472953
12,1899,0.9345936959018221
1,1900,1.016413886698333
2,1900,1.021128793619862
3,1900,1.0110967787535563
4,1900,1.015885776201045
5,1900,0.955754343712369
6,1900,0.9734331689405666
7,1900,1.0032728079582856
8,1900,1.0170478630273319
9,1900,1
10,1900,0.9798673528559002
11,1900,1.039927505409354
12,1900,1.0818039550433916
1,1901,1.0978432403997895
2,1901,1.0285098227120268
3,1901,1.038682156999767
4,1901,1.0865792977784008
5,1901,0.9521555171435205
6,1901,1.10246162600084
7,1901,0.9355952615021629
8,1901,1.0167071649044461
9,1901,0.9979459222034183
10,1901,0.991714995857498
11,1901,1.0244360902255638
12,1901,0.9869520897043833
1,1902,1.0244784135509193
2,1902,1.0115939106764795
3,1902,1.004272971895555
4,1902,1.0372015133659989
5,1902,1.0004664290669028
6,1902,0.9970353723118118
7,1902,1.0255979857322703
8,1902,1.029717091419219
9,1902,1.0051883472219068
10,1902,0.9712668993324977
11,1902,0.9644397930112215
12,1902,0.980069209158759
1,1903,1.054168101963486
2,1903,0.9971874380010971
3,1903,0.9638719191068043
4,1903,0.9623841960198642
5,1903,0.9840148370573171
6,1903,0.9482780726722568
7,1903,0.9717820443482964
8,1903,0.9578562186078222
9,1903,0.9799546801464178
10,1903,0.971718249733191
11,1903,1.0075355421319179
12,1903,1.0501589704769114
1,1904,1.0204143419402274
2,1904,0.9766880006781673
3,1904,1.0006509569066528
4,1904,1.028435539364501
5,1904,0.9825838827117978
6,1904,1.0052788189179138
7,1904,1.0452249149720367
8,1904,1.037536249642609
9,1904,1.0477127785213762
10,1904,1.0620725933719095
11,1904,1.0573480506615722
12,1904,1.0127926300175105
1,1905,1.0248436261122367
2,1905,1.0469139516891601
3,1905,1.03129426254747
4,1905,0.9906647160103106
5,1905,0.9536271486121297
6,1905,1.014716881748749
7,1905,1.0343119951828241
8,1905,1.040099571401327
9,1905,1.0060701395456564
10,1905,1.0169398854687246
11,1905,0.9974626710810531
12,1905,1.0275371638234292
1,1906,1.0373642554757962
2,1906,0.9956440738112136
3,1906,0.978365663063914
4,1906,0.989307929800275
5,1906,0.9764423209699247
6,1906,1.0160840215710676
7,1906,0.97718373633715
8,1906,1.0769595973982813
9,1906,1.0338211955563392
10,1906,0.9969639080302928
11,1906,0.9989991445680068
12,1906,0.9940916057987893
1,1907,0.9747529997502001
2,1907,0.9719693890175148
3,1907,0.9053913992181107
4,1907,1.0088668862467867
5,1907,0.9694526560960316
6,1907,0.9721144171338221
7,1907,1.0426585834688746
8,1907,0.9292551736712553
9,1907,0.9940046001068271
10,1907,0.8959720135545636
11,1907,0.9463898850687262
12,1907,1.0565693666662355
1,1908,1.047726299039109
2,1908,0.9683389022595043
3,1908,1.0457868828724481
4,1908,1.0585493602833442
5,1908,1.0640190073457287
6,1908,1
7,1908,1.0408079649280944
8,1908,1.0469432744164076
9,1908,0.9929499351394033
10,1908,1.0162166767646168
11,1908,1.071647491732265
12,1908,1.0262874230675614
1,1909,1.0069710316788074
2,1909,0.9749501610827452
3,1909,1.0174108105776283
4,1909,1.0485995098496477
5,1909,1.0368609183689974
6,1909,1.021168065391695
7,1909,1.0177733987137771
8,1909,1.0275791164176415
9,1909,1.0044037742463192
10,1909,1.0073510699405952
11,1909,0.9985203043120496
12,1909,1.0153032088306093
1,1910,0.9820653025189742
2,1910,0.9678036756443253
3,1910,1.0283907890991355
4,1910,0.9794950613327117
5,1910,0.987231257762012
6,1910,0.9557219476919369
7,1910,0.9534971704210476
8,1910,1.028584654553871
9,1910,1.0110341391281985
10,1910,1.0502523747068877
11,1910,1.0029819794591568
12,1910,0.9761471766738855
1,1911,1.0286255411255414
2,1911,1.0214785477555743
3,1911,0.9923484965531447
4,1911,0.9997701677775224
5,1911,1.0256433073785687
6,1911,1.0240405471845446
7,1911,0.9997599429511485
8,1911,0.9561578824709215
9,1911,0.9495756734199466
10,1911,1.0100961388880245
11,1911,1.0444317814295174
12,1911,1.0085525539695648
1,1912,1.0051391894262822
2,1912,0.99528710134914
3,1912,1.0329711283404093
4,1912,1.035286044751307
5,1912,1.0008473012771018
6,1912,1.006076288138949
7,1912,1.0050148953929467
8,1912,1.0268872383524645
9,1912,1.0089228179534726
10,1912,1.00179876041945
11,1912,0.9926552385908987
12,1912,0.9679262841938318
1,1913,0.9954906156054492
2,1913,0.9684885666480759
3,1913,0.9852450612038514
4,1913,1.0031291876942376
5,1913,0.9769844597139224
6,1913,0.9541718790911471
7,1913,1.0182710704240383
8,1913,1.0313725783753032
9,1913,1.013986166251751
10,1913,0.9726425493536425
11,1913,0.9792028494892703
12,1913,1.0032391889251304
1,1914,1.0454719115432731
2,1914,1.0174406523405872
3,1914,0.9853020923566654
4,1914,0.9801938444384086
5,1914,1.0104860174280819
6,1914,0.999307224351064
7,1914,0.9488362688388686
8,1914,0.9168061982464685
9,1914,1.0044329700068904
10,1914,0.9497004008430099
11,1914,1.0430775657259224
12,1914,1.072743807306919
1,1915,1.0224221873104262
2,1915,0.9912977993473351
3,1915,1.0303567454744968
4,1915,1.0798075562473468
5,1915,0.9808537199373746
6,1915,1.0156103872360471
7,1915,1.0004292647802095
8,1915,1.0466521332918093
9,1915,1.0411542225396069
10,1915,1.0593039502095771
11,1915,1.0386695284116116
12,1915,1.0057201237532325
1,1916,0.9878557613393097
2,1916,0.9897921834966855
3,1916,1.001021330547175
4,1916,0.9933798522340798
5,1916,1.0263914385724657
6,1916,1.0143028030503445
7,1916,0.9907239934455601
8,1916,1.0123044874179463
9,1916,1.0456290316197714
10,1916,1.0356142608432368
11,1916,1.0275293540286414
12,1916,0.9644283435121485
1,1917,0.9806704493369789
2,1917,0.9497646982980917
3,1917,1.0366417222401338
4,1917,0.9904294732936471
5,1917,0.9717602208057647
6,1917,1.0263335430946021
7,1917,0.9783523719039307
8,1917,0.9765070546587848
9,1917,0.9582263697125282
10,1917,0.9524168682986286
11,1917,0.9235959327188064
12,1917,0.973392324313201
1,1918,1.079778163009316
2,1918,1.0275538906328519
3,1918,0.968370710515786
4,1918,1.0197613941194603
5,1918,1.0227035926988333
6,1918,1.0288280129801526
7,1918,1.0000916892833565
8,1918,1.0284210719328162
9,1918,0.9892310160999874
10,1918,1.057861567206772
11,1918,0.9909075420263517
12,1918,1.0211372142206225
1,1919,0.9895659690066061
2,1919,1.039345917371872
3,1919,1.0111708368577588
4,1919,1.0577143103857694
5,1919,1.0865980223077158
6,1919,0.9761596183284968
7,1919,1.0663023556746407
8,1919,0.9262036235022376
9,1919,1.0245535931731171
10,1919,1.0807665429029176
11,1919,0.9453056269134672
12,1919,1.0004699816660618
1,1920,0.9756468514392822
2,1920,0.9306849981169583
3,1920,1.1035871062916502
4,1920,0.9317985611510791
5,1920,0.9649624419693558
6,1920,0.9962007412684156
7,1920,0.9812732529820818
8,1920,1.0233403037407853
9,1920,1
10,1920,1.0175394237120212
11,1920,0.9244843831615033
12,1920,0.9471749862863412
1,1921,1.0473793942201888
2,1921,0.9973292931750448
3,1921,0.9821198882285107
4,1921,1.0279322355385196
5,1921,0.986660515895898
6,1921,0.9316883926484177
7,1921,1.0332757827575287
8,1921,0.9857133771587487
9,1921,1.032940734831777
10,1921,1.0285740244401036
11,1921,1.0697266142566912
12,1921,1.021216312459358
1,1922,1.0133163530880294
2,1922,1.0355739307373124
3,1922,1.037578559560789
4,1922,1.061782889606773
5,1922,1.0556655694420765
6,1922,0.9624461164505803
7,1922,1.0173303961725124
8,1922,1.0756855514015529
9,1922,0.9900058187994402
10,1922,1.0280851131426576
11,1922,0.9554346062624092
12,1922,1.0223699265386652
1,1923,1.0055126268418264
2,1923,1.0693913508581496
3,1923,0.9902211009444232
4,1923,0.977504428920012
5,1923,0.9639546193711152
6,1923,0.9271803522933754
7,1923,1.0241844291216404
8,1923,1.020911245501675
9,1923,0.9737763303938428
10,1923,1.0022253675196546
11,1923,1.0610388095515821
12,1923,1.034244746678393
1,1924,1.034648353567334
2,1924,0.9837494725641638
3,1924,0.9780580047442152
4,1924,0.9966937799590441
5,1924,1.0105981650252902
6,1924,1.0409940333767451
7,1924,1.0489554996290424
8,1924,1.0097564358152031
9,1924,1.005898935238756
10,1924,0.9957775373177632
11,1924,1.0737933634992458
12,1924,1.0570827493958443
1,1925,1.024624918460535
2,1925,1.0130599324455762
3,1925,0.9377503905874959
4,1925,1.0352261903653857
5,1925,1.0560642069583512
6,1925,1.008576017799068
7,1925,1.0401772650534609
8,1925,1.0073090437920467
9,1925,1.030396287673109
10,1925,1.0613943184779777
11,1925,1.0011074088352072
12,1925,1.0521378045071472
1,1926,1.0023102117888407
2,1926,0.9597563471611047
3,1926,0.9447913864675648
4,1926,1.0244798920668632
5,1926,1.0146439167282149
6,1926,1.0475467843183703
7,1926,1.0229475682691334
8,1926,1.0480962523746473
9,1926,1.0271463786519965
10,1926,0.9728138809628719
11,1926,1.0266947810944398
12,1926,1.0209765948743867
1,1927,0.9834292618260534
2,1927,1.0520919538268594
3,1927,1.0106453502869643
4,1927,1.0213573030462288
5,1927,1.0563785806172852
6,1927,0.994483807455691
7,1927,1.0691488566172622
8,1927,1.048426975722689
9,1927,1.0359564166668056
10,1927,0.9604344228249074
11,1927,1.071557403154701
12,1927,1.0226512258724554
1,1928,0.9983617315167062
2,1928,0.9858595794492758
3,1928,1.1121489371952897
4,1928,1.0357643935159306
5,1928,1.0158231391823722
6,1928,0.96265079603305
7,1928,1.0158816225165563
8,1928,1.0775935711947804
9,1928,1.027132349605013
10,1928,1.0176337346559146
11,1928,1.1231372303136338
12,1928,1.0057908715938102
1,1929,1.0598947548192899
2,1929,0.9968569135313852
3,1929,1.0003242909040946
4,1929,1.0188189336610876
5,1929,0.9598020235783454
6,1929,1.115376631156049
7,1929,1.0482856452361131
8,1929,1.1006628296040335
9,1929,0.9534186463447714
10,1929,0.8029113644895685
11,1929,0.8694141647953737
12,1929,1.029051442021314
1,1930,1.0665057445674144
2,1930,1.0249656108955232
3,1930,1.0829578891515121
4,1930,0.9934929317044877
5,1930,0.9870450886310017
6,1930,0.838484358171774
7,1930,1.040133912126487
8,1930,1.0113803523708007
9,1930,0.8728351944119578
10,1930,0.9150340679208275
11,1930,0.9828680075766477
12,1930,0.9298635376987857
1,1931,1.0539691000446803
2,1931,1.1188549584256795
3,1931,0.9341952552197236
4,1931,0.9080385998517142
5,1931,0.8672415198189557
6,1931,1.1446745915000198
7,1931,0.9293853721993484
8,1931,1.0147767519683366
9,1931,0.7037315406582592
10,1931,1.0907719936727678
11,1931,0.906953415647911
12,1931,0.8610548740316136
1,1932,0.976808866524625
2,1932,1.0595558681097523
3,1932,0.8867388483133184
4,1932,0.8024645530335301
5,1932,0.7725773305325739
6,1932,0.9995043139410478
7,1932,1.385073923312236
8,1932,1.3826042257515598
9,1932,0.9679440007179396
10,1932,0.8638183007817157
11,1932,0.9467423503652321
12,1932,1.057173489847017
1,1933,1.0120688281685652
2,1933,0.8190465522513222
3,1933,1.0385813820251715
4,1933,1.4289334230184745
5,1933,1.1645828455863674
6,1933,1.1349524259656494
7,1933,0.9134559035517977
8,1933,1.1181551321166514
9,1933,0.8887863950497936
10,1933,0.9129227243666919
11,1933,1.1071949905185468
12,1933,1.024774566640175
1,1934,1.109235193330862
2,1934,0.9654848471162097
3,1934,1.0028741439317392
4,1934,0.9758077155587399
5,1934,0.9210424673511923
6,1934,1.0241064904005845
7,1934,0.8873138080063571
8,1934,1.0573198787349876
9,1934,0.9993496237108612
10,1934,0.9701453812690808
11,1934,1.0881323824381546
12,1934,0.9981361816301243
1,1935,0.9622210594355012
2,1935,0.9633224147196561
3,1935,0.9718744811555703
4,1935,1.1006058949478383
5,1935,1.035950810036673
6,1935,1.0707389138942662
7,1935,1.0869753418114514
8,1935,1.0249028466281258
9,1935,1.026602265647505
10,1935,1.0794664065151
11,1935,1.0415256760371596
12,1935,1.0409670267164275
1,1936,1.0687025454525179
2,1936,1.0196247737007684
3,1936,1.0279457101556804
4,1936,0.9254295797783905
5,1936,1.0490793421125175
6,1936,1.0338075577676629
7,1936,1.0721861415503033
8,1936,1.0111466257143717
9,1936,1.004756485987294
10,1936,1.0792732065781565
11,1936,1.0071473092389809
12,1936,0.9976376122291265
1,1937,1.0417640205309064
2,1937,1.018341580193028
3,1937,0.9937162549235532
4,1937,0.9209838781622379
5,1937,0.9935296737701514
6,1937,0.9516314892051965
7,1937,1.1063682600085072
8,1937,0.9488838660535912
9,1937,0.861931203042733
10,1937,0.9032940843461492
11,1937,0.9035517585324602
12,1937,0.9549780533686337
1,1938,1.0205056371046974
2,1938,1.067331369726779
3,1938,0.7549029822754363
4,1938,1.1479836189372026
5,1938,0.9622018329715024
6,1938,1.2539355285541138
7,1938,1.0766446113461527
8,1938,0.9769990625623911
9,1938,1.020234910091877
10,1938,1.0785702631610365
11,1938,0.9706975113915178
12,1938,1.0409246920290542
1,1939,0.9346466564424647
2,1939,1.036270961743069
3,1939,0.8676387609505125
4,1939,0.9982821901062259
5,1939,1.0663292843587318
6,1939,0.9397437083641749
7,1939,1.1133482659315233
8,1939,0.9327506294346531
9,1939,1.1685867772397533
10,1939,0.9894529492966049
11,1939,0.9549600932824797
12,1939,1.0279699529141102
1,1940,0.9689218138134007
2,1940,1.0106249057120438
3,1940,1.0147079484387622
4,1940,0.9992780434978792
5,1940,0.7647727596065463
6,1940,1.0832934317715646
7,1940,1.0358574779857215
8,1940,1.0311233227426582
9,1940,1.0160328373983967
10,1940,1.0441981424148608
11,1940,0.9629910748994229
12,1940,1.0016954347784441
1,1941,0.9577459786209487
2,1941,0.990616094275518
3,1941,1.009521752589937
4,1941,0.9413031571981151
5,1941,1.0088715616069723
6,1941,1.0600664735239829
7,1941,1.060906204530031
8,1941,0.9971394689187675
9,1941,0.9958763576948316
10,1941,0.9379013463046217
11,1941,0.9638421886538143
12,1941,0.96085677136796
1,1942,1.0203998848093936
2,1942,0.9746973729330473
3,1942,0.9457755928678396
4,1942,0.9631752291569625
5,1942,1.0711490481561228
6,1942,1.025152556974546
7,1942,1.0375470174188155
8,1942,1.013043191322138
9,1942,1.0326796998537173
10,1942,1.069959396452351
11,1942,0.9914186669453857
12,1942,1.056961589042355
1,1943,1.076684343314864
2,1943,1.055313731102557
3,1943,1.0571930511663918
4,1943,1.0051087376553036
5,1943,1.0491066227480221
6,1943,1.023881033986684
7,1943,0.9497993472623474
8,1943,1.0145513699590045
9,1943,1.0279680423700543
10,1943,0.9909658012376734
11,1943,0.9287640713534514
12,1943,1.0635993562844461
1,1944,1.0198497515857634
2,1944,1.001832577403463
3,1944,1.0212928581594094
4,1944,0.9918904064736425
5,1944,1.0448603456237042
6,1944,1.055260208437546
7,1944,0.983311102260263
8,1944,1.0128491726419548
9,1944,1.0010413749728249
10,1944,1.0041754660980216
11,1944,1.0080865868213378
12,1944,1.0392319067693734
1,1945,1.0183899238135368
2,1945,1.0656437198803095
3,1945,0.9576374809190183
4,1945,1.091947906295419
5,1945,1.0151053624860291
6,1945,1.0002728623630617
7,1945,0.98362166525972
8,1945,1.0617366862796538
9,1945,1.045450951489429
10,1945,1.033722106451626
11,1945,1.035736005858233
12,1945,1.0130876299160603
1,1946,1.0729629818700686
2,1946,0.9335883965943601
3,1946,1.049574465176
4,1946,1.0407407385476444
5,1946,1.0254124364760207
6,1946,0.9638516780791325
7,1946,0.9776002809247489
8,1946,0.9302683003093258
9,1946,0.9020882522360567
10,1946,0.9963806302671374
11,1946,0.9921060711911388
12,1946,1.0469567550646215
1,1947,1.026963989930117
2,1947,0.9894695978376693
3,1947,0.9874512247850155
4,1947,0.965170737310841
5,1947,0.9951272822486752
6,1947,1.057266035411541
7,1947,1.0407539531234717
8,1947,0.9754220469500859
9,1947,0.9903113719624305
10,1947,1.0263194472942545
11,1947,0.9759619911439931
12,1947,1.0256820631290422
1,1948,0.965123845332172
2,1948,0.9576901613036733
3,1948,1.0815035179017776
4,1948,1.031429654187441
5,1948,1.0826871237560596
6,1948,1.0080181821644647
7,1948,0.9501923759575857
8,1948,1.0125302258935507
9,1948,0.9745736386131248
10,1948,1.0724767594659685
11,1948,0.8965410044023165
12,1948,1.0359993852555318
1,1949,1.0070335506619164
2,1949,0.9656616333840193
3,1949,1.0357346599537185
4,1949,0.9847402067828879
5,1949,0.9681891813550407
6,1949,1.0033277307276642
7,1949,1.0692885491676136
8,1949,1.0174724065093863
9,1949,1.0288523784879078
10,1949,1.0356716361071372
11,1949,1.007039084315344
12,1949,1.049637644432673
1,1950,1.0231186592039543
2,1950,1.0156854924038858
3,1950,1.0097294169844353
4,1950,1.0508958998559572
5,1950,1.0448256086065169
6,1950,0.9472817764510456
7,1950,1.0147487755737974
8,1950,1.0387232671997795
9,1950,1.0619099803033394
10,1950,1.0104140987737018
11,1950,1.0052442419342489
12,1950,1.052406934475326
1,1951,1.0674530214952007
2,1951,1.012309363363124
3,1951,0.9874594735414798
4,1951,1.0542013155521637
5,1951,0.9652256841715323
6,1951,0.9800165820474434
7,1951,1.0747491868752093
8,1951,1.049724769238686
9,1951,1
10,1951,0.9912968795490911
11,1951,1.0025046184750361
12,1951,1.0440322800510737
1,1952,1.0208381218714884
2,1952,0.9683715606730348
3,1952,1.0527146577795432
4,1952,0.96208600881267
5,1952,1.027858039740353
6,1952,1.051299343472634
7,1952,1.0227120228456907
8,1952,0.9903888349838096
9,1952,0.9852207779571335
10,1952,1.0037274629094377
11,1952,1.0515594054082877
12,1952,1.0399131431376103
1,1953,0.9973071287543206
2,1953,0.9862996677225748
3,1953,0.9807258111339826
4,1953,0.978072468284793
5,1953,1.001968072850388
6,1953,0.9884039684222284
7,1953,1.030457445489692
8,1953,0.9467933877129638
9,1953,1.0061437654713348
10,1953,1.0564341332067697
11,1953,1.013642670619565
12,1953,1.006895594630531
1,1954,1.0562022947027678
2,1954,1.007610436433127
3,1954,1.034538325296641
4,1954,1.05358849922712
5,1954,1.0372507120834633
6,1954,1.004993132631557
7,1954,1.0610996316330215
8,1954,0.9701027307982653
9,1954,1.0872504311522933
10,1954,0.9845100335276129
11,1954,1.0847354819532162
12,1954,1.0544935952248442
1,1955,1.0214532205299491
2,1955,1.0073415562916515
3,1955,0.9987462426796847
4,1955,1.0409641806250813
5,1955,1.0021281728788776
6,1955,1.0857545504833654
7,1955,1.06426879413708
8,1955,0.9952903409644248
9,1955,1.0144945981927487
10,1955,0.9725653868829287
11,1955,1.0781752764998591
12,1955,1.002052049480842
1,1956,0.9668936582691197
2,1956,1.0377749986427809
3,1956,1.0726281324746287
4,1956,1.001014705330507
5,1956,0.937247085695129
6,1956,1.0426033351401762
7,1956,1.054744197911991
8,1956,0.9648553176142242
9,1956,0.9578949025126842
10,1956,1.008451379063339
11,1956,0.9921331974547468
12,1956,1.0384131893070496
1,1957,0.9612647585173939
2,1957,0.9705140266707283
3,1957,1.0229794218295278
4,1957,1.0402195421132272
5,1957,1.040102040173983
6,1957,1.0017728186012433
7,1957,1.0144928179520376
8,1957,0.9469126562765099
9,1957,0.9413247366689688
10,1957,0.9714564296082702
11,1957,1.019706529847735
12,1957,0.9621115822951462
1,1958,1.0464451198331761
2,1958,0.9829104535766481
3,1958,1.0344601203305697
4,1958,1.0352511939848976
5,1958,1.0182787010973378
6,1958,1.0293492924724135
7,1958,1.0462936104054712
8,1958,1.014919416345251
9,1958,1.0513998222144223
10,1958,1.0282833190756777
11,1958,1.025241206159776
12,1958,1.0547989319377724
1,1959,1.006472107549884
2,1959,1.0024773763272774
3,1959,1.003201165801238
4,1959,1.041472897721155
5,1959,1.02151667223042
6,1959,0.9989620639421994
7,1959,1.0374683524573913
8,1959,0.9874563765081262
9,1959,0.9568914989474798
10,1959,1.0139315871827732
11,1959,1.0158639809365269
12,1959,1.0302457416547202
1,1960,0.9312361531516612
2,1960,1.0120807762803812
3,1960,0.988985497262272
4,1960,0.9854112370284313
5,1960,1.0298395217939582
6,1960,1.0224376586607309
7,1960,0.9780809313075132
8,1960,1.029045898229044
9,1960,0.9424568612453589
10,1960,1.000597009295496
11,1960,1.0433124865859928
12,1960,1.0492024596666687
1,1961,1.0659380259208031
2,1961,1.0294880453656343
3,1961,1.0280827281552314
4,1961,1.006327069910181
5,1961,1.0216109462104541
6,1961,0.9737323507631412
7,1961,1.0351672227253246
8,1961,1.0220696275347032
9,1961,0.98271613503409
10,1961,1.0308424776023895
11,1961,1.041798257548644
12,1961,1.0055825068127333
1,1962,0.9644976262085058
2,1962,1.018742546283254
3,1962,0.996566823459033
4,1962,0.9405003461372549
5,1962,0.9166376089209458
6,1962,0.9210388985850914
7,1962,1.0667257684917657
8,1962,1.0182623477856383
9,1962,0.9547276925346466
10,1962,1.0075984311639412
11,1962,1.1046964736580793
12,1962,1.0163464446473145
1,1963,1.0519697602973417
2,1963,0.9738510841526221
3,1963,1.0382514054122274
4,1963,1.0512727025611897
5,1963,1.0169554390559967
6,1963,0.9823905881241533
7,1963,0.9991977256621528
8,1963,1.0514143498721482
9,1963,0.9915038079479292
10,1963,1.0348669533285537
11,1963,0.992025249944914
12,1963,1.0270387554874407
1,1964,1.0295106313172093
2,1964,1.01238120862383
3,1964,1.0176627506251377
4,1964,1.0085926573220407
5,1964,1.0139472150205489
6,1964,1.0188889075315026
7,1964,1.0207258832387869
8,1964,0.9862131608480644
9,1964,1.0312041376235985
10,1964,1.0105561238296201
11,1964,0.9972688608491913
12,1964,1.0063769479371434
1,1965,1.0356617497667824
2,1965,1.0009450171687548
3,1965,0.9879049447799155
4,1965,1.0367638919920148
5,1965,0.9946960705624651
6,1965,0.9538261654290848
7,1965,1.0160680946370197
8,1965,1.025120905675089
9,1965,1.034552069224827
10,1965,1.0298624636323295
11,1965,0.9936889989330697
12,1965,1.0114229203629614
1,1966,1.0073723164015322
2,1966,0.9846237396209138
3,1966,0.9807278941027469
4,1966,1.0231535897835748
5,1966,0.9484531023292302
6,1966,0.986600052835783
7,1966,0.9893915890452332
8,1966,0.9251308711070996
9,1966,0.9961157186652801
10,1966,1.0506696326587686
11,1966,1.006101458517326
12,1966,1.001478968046861
1,1967,1.0811874085690825
2,1967,1.0047516028827672
3,1967,1.0421990975366866
4,1967,1.0449145720527477
5,1967,0.95013298060766
6,1967,1.0202256810838048
7,1967,1.0480272784528288
8,1967,1.0259152044358661
9,1967,1
10,1967,0.973460421992713
11,1967,1.003659380552212
12,1967,1.0288679597933894
1,1968,0.9587019037930309
2,1968,0.9714412354052852
3,1968,1.0121508254138478
4,1968,1.0832430109219517
5,1968,1.015074598887961
6,1968,1.011643168240809
7,1968,0.9840579995586737
8,1968,1.055707460910863
9,1968,1
10,1968,1.009700410282517
11,1968,1.050435855927668
12,1968,0.9607473524352749
1,1969,0.9943036792496581
2,1969,0.9551345602962681
3,1969,1.037073297805805
4,1969,1.024046444133316
5,1969,1.0003012447756274
6,1969,0.9469414479839662
7,1969,0.9425082401888005
8,1969,1.0429342623850595
9,1969,0.9777225960021413
10,1969,1.0457799926901041
11,1969,0.9686310985625228
12,1969,0.9841502929361826
1,1970,0.9263987284954838
2,1970,1.0557989295356227
3,1970,1.0044068346397308
4,1970,0.9124728208890079
5,1970,0.9422808467895047
6,1970,0.9534268168211045
7,1970,1.0769529777103435
8,1970,1.0478618682294198
9,1970,1.0373680899700604
10,1970,0.9906470357612863
11,1970,1.0505897755467677
12,1970,1.0597690612496862
1,1971,1.0432867588576544
2,1971,1.011773093746234
3,1971,1.0394742738418605
4,1971,1.0388609520073446
5,1971,0.96092551769058
6,1971,1.0032960864899743
7,1971,0.9612564608650234
8,1971,1.0387892654935595
9,1971,0.9956308545562027
10,1971,0.9608093511532722
11,1971,1.0001711083212455
12,1971,1.0889038593807634
1,1972,1.020624157504243
2,1972,1.0240990634639204
3,1972,1.0119172488019004
4,1972,1.0067697316301165
5,1972,1.017972976843389
6,1972,0.9821330043655776
7,1972,1.0047306343069935
8,1972,1.0368417225798008
9,1972,0.997452794815323
10,1972,1.0116889388095416
11,1972,1.0497666138883697
12,1972,1.0123441270281557
1,1973,0.985124688759645
2,1973,0.9647876376752819
3,1973,1.000930611739726
4,1973,0.9616061344985528
5,1973,0.9836262263170351
6,1973,0.9959835186360276
7,1973,1.0405942011504512
8,1973,0.9658361683044103
9,1973,1.0427134853883553
10,1973,1.0013054975269022
11,1973,0.8887384153727734
12,1973,1.0195004786242512
1,1974,0.9928907570547025
2,1974,0.999348210542796
3,1974,0.9796989865948009
4,1974,0.9640562330214337
5,1974,0.9696784278577165
6,1974,0.9886764842502579
7,1974,0.9256906377254678
8,1974,0.9134967191180986
9,1974,0.8848117474708159
10,1974,1.1677668822922331
11,1974,0.9508834811126229
12,1974,0.9841353673724005
1,1975,1.1272753072607775
2,1975,1.0638602528778747
3,1975,1.0254400440865215
4,1975,1.050973912563404
5,1975,1.0476420410782346
6,1975,1.0477166164347707
7,1975,0.935593510233961
8,1975,0.9824129278899576
9,1975,0.9689102154748924
10,1975,1.0652968510561815
11,1975,1.028149318455774
12,1975,0.9918527655624889
1,1976,1.1217166122409676
2,1976,0.9916462390258965
3,1976,1.0337724692547468
4,1976,0.9920540056557353
5,1976,0.9887156977364886
6,1976,1.044057783403561
7,1976,0.9950197962118347
8,1976,1.0236850284502443
9,1976,1
10,1976,0.9809754569944193
11,1976,0.9955080674916273
12,1976,1.0558041347558031
1,1977,0.9527215207070655
2,1977,0.9817638681697209
3,1977,0.9894749896619187
4,1977,1.003895630094971
5,1977,0.9801264897276556
6,1977,1.0491406858735408
7,1977,0.9875080433526107
8,1977,0.9827514669454843
9,1977,1.0013935889689474
10,1977,0.9606274380451312
11,1977,1.0311761397527253
12,1977,1.0069505266292809
1,1978,0.9426933248923881
2,1978,0.9797160851174387
3,1978,1.0295261501051323
4,1978,1.090002345187743
5,1978,1.0084603553446536
6,1978,0.9866226577664357
7,1978,1.0582922693239802
8,1978,1.0300787075805113
9,1978,0.9967925828163547
10,1978,0.9125441820622426
11,1978,1.0211723568444353
12,1978,1.0193546219680187
1,1979,1.0442516922607206
2,1979,0.967810058699488
3,1979,1.0596536288448097
4,1979,1.006055708478698
5,1979,0.9780369054609909
6,1979,1.0431478258496043
7,1979,1.0132091817898679
8,1979,1.0575006821422213
9,1979,1.0041999928044978
10,1979,0.935701782784749
11,1979,1.0472465256775616
12,1979,1.0211985548317766
1,1980,1.0621018771208206
2,1980,0.9998515661238073
3,1980,0.9024566785828702
4,1980,1.04599016545317
5,1980,1.0512279415830377
6,1980,1.0314188956767305
7,1980,1.0694673140609234
8,1980,1.009992917106837
9,1980,1.0293023486676012
10,1980,1.0201105210777308
11,1980,1.1064006978446685
12,1980,0.9697810003420348
1,1981,0.9581142985696849
2,1981,1.017312955306949
3,1981,1.0400213296784984
4,1981,0.9804584247328789
5,1981,1.0023535106598198
6,1981,0.9936080688351344
7,1981,1.0019306444469582
8,1981,0.9420512141999121
9,1981,0.950591598826869
10,1981,1.0539040069037953
11,1981,1.0411254514278705
12,1981,0.9742975585201974
1,1982,0.9870245454782988
2,1982,0.9441021311762096
3,1982,0.9947820633331794
4,1982,1.0450843516742916
5,1982,0.9657144507021956
6,1982,0.9847804239619875
7,1982,0.9822201145937547
8,1982,1.1213060019884813
9,1982,1.0123921927044275
10,1982,1.1151197839872014
11,1982,1.0404055903258576
12,1982,1.0192863975560458
1,1983,1.037232327924705
2,1983,1.0229437968338833
3,1983,1.0369860089570364
4,1983,1.078701693973443
5,1983,0.9911679674911689
6,1983,1.038907511826432
7,1983,0.9704589994994747
8,1983,1.014909074019016
9,1983,1.0137610582616736
10,1983,0.9883874625694284
11,1983,1.02103771718325
12,1983,0.9947175504027808
1,1984,0.9944085774260342
2,1984,0.9648010408499081
3,1984,1.017307092990683
4,1984,1.009294653874907
5,1984,0.9444531517093332
6,1984,1.0215052481205458
7,1984,0.9875649122864172
8,1984,1.1104163527929514
9,1984,1.0002074103910303
10,1984,1.0037145690720561
11,1984,0.9886631051067634
12,1984,1.0262082757564843
1,1985,1.0778981495504452
2,1985,1.0121842676074613
3,1985,1.000653124000083
4,1985,0.9989726036050889
5,1985,1.0576348212424935
6,1985,1.015533080603647
7,1985,0.9985608652773013
8,1985,0.9914305337495973
9,1985,0.9687428861491383
10,1985,1.0461228139439622
11,1985,1.0685319685514028
12,1985,1.0483181887726736
1,1986,1.0055323394393614
2,1986,1.0746412415361388
3,1986,1.0557417586895546
4,1986,0.9886779269587146
5,1986,1.053091156363347
6,1986,1.016839206391616
7,1986,0.9440548375085924
8,1986,1.0740937673726993
9,1986,0.9172745355166118
10,1986,1.0577089934227337
11,1986,1.0243032525453595
12,1986,0.9744811209395363
1,1987,1.1346340819865566
2,1987,1.0394553520882426
3,1987,1.0288360918619759
4,1987,0.9909800691262433
5,1987,1.0084989068066417
6,1987,1.0503596423219237
7,1987,1.0505996584525896
8,1987,1.0372271770384887
9,1987,0.9780213338385455
10,1987,0.7846514820508673
11,1987,0.9175703583058009
12,1987,1.0760532496261257
1,1988,1.034078049443009
2,1988,1.0546966703901415
3,1988,0.9691065962139668
4,1988,1.0122152022043474
5,1988,1.0074979218478661
6,1988,1.04589181292974
7,1988,0.9971745919604521
8,1988,0.965113393982738
9,1988,1.0426050186743505
10,1988,1.027843771198765
11,1988,0.9857486033923872
12,1988,1.008736611423128
1,1989,1.0824925607494547
2,1989,0.9750787488860267
3,1989,1.0233293998533606
4,1989,1.0504566602110412
5,1989,1.0419086151258492
6,1989,0.9943291669922338
7,1989,1.090288820115219
8,1989,1.0195495710251852
9,1989,1.0009135910938591
10,1989,0.971929346015917
11,1989,1.0203934929595064
12,1989,1.0422416625537765
1,1990,0.9165505659017337
2,1990,1.012880823317274
3,1990,1.0229514434870135
4,1990,0.9784333714228046
5,1990,1.0975042842072842
6,1990,0.9974911217618507
7,1990,0.9925588000156539
8,1990,0.909610400724897
9,1990,0.979283684808141
10,1990,0.9673222932274388
11,1990,1.0646401903326315
12,1990,1.0278554369220456
1,1991,1.0435518246121003
2,1991,1.0715145875315524
3,1991,1.0137808415619993
4,1991,1.0126840764390403
5,1991,1.0431392168474394
6,1991,0.9716015301876975
7,1991,1.0278514853579892
8,1991,1.0153396126718686
9,1991,0.9913528558856572
10,1991,1.0134454142840845
11,1991,0.975903049393735
12,1991,1.0958706616835574
1,1992,0.9813649208849725
2,1992,1.012951061877041
3,1992,0.9805512249091726
4,1992,1.0293614360282832
5,1992,1.0099595839983544
6,1992,0.9801887912547962
7,1992,1.0408535556002245
8,1992,0.9795330231364402
9,1992,1.011751552273505
10,1992,1.0135359819740517
11,1992,1.0237651138570452
12,1992,1.012272514933229
1,1993,1.0171529952348235
2,1993,1.001969406661055
3,1993,1.0240521126425017
4,1993,0.9758297018482546
5,1993,1.0351951111302031
6,1993,0.9947464154597843
7,1993,1.0007629217837766
8,1993,1.0329799123926804
9,1993,0.9923323110066044
10,1993,1.0236922178918566
11,1993,0.987558202577321
12,1993,1.0120908987891535
1,1994,1.0339967136412958
2,1994,0.9728587511633467
3,1994,0.9564027684628437
4,1994,1.0178961449997275
5,1994,1.01134539950344
6,1994,0.9754882276286315
7,1994,1.0393128063427193
8,1994,1.0345130995179395
9,1994,0.9755467364630974
10,1994,1.0224663297599361
11,1994,0.9635741953997583
12,1994,1.014516487940425
1,1995,1.0262614223099913
2,1995,1.0389716139928429
3,1995,1.0295069051164787
4,1995,1.0287957441444175
5,1995,1.0406260775989187
6,1995,1.0232273795070204
7,1995,1.0331629729089848
8,1995,1.002513223967098
9,1995,1.037432253246987
10,1995,1.001007197565358
11,1995,1.0438986761987141
12,1995,1.0272071922332628
1,1996,1.026038062664216
2,1996,1.0092710629951822
3,1996,1.0225080543548335
4,1996,1.0019593049001139
5,1996,1.025789568316512
6,1996,1.0118315537646818
7,1996,0.9482463609474016
8,1996,1.0253730748449221
9,1996,1.051877419675887
10,1996,1.0275805764545631
11,1996,1.0749534508662733
12,1996,0.9807633229151324
1,1997,1.0624747802089372
2,1997,1.0078377105253533
3,1997,0.9589289355884778
4,1997,1.0596798068676112
5,1997,1.0584948007999728
6,1997,1.0471592812928694
7,1997,1.07956761006539
8,1997,0.9734985739234967
9,1997,1.0227819901441828
10,1997,0.9666028550819485
11,1997,1.0675370386871668
12,1997,0.9969312700992553
1,1998,1.0327173644260672
2,1998,1.048024513695987
3,1998,1.0528308757882807
4,1998,1.0100608314413384
5,1998,0.982990018405144
6,1998,1.0404305256969488
7,1998,0.9893516130405594
8,1998,0.8554228174663221
9,1998,1.0640603946464997
10,1998,1.0940715803828298
11,1998,1.0482676530379973
12,1998,1.0576251648945638
1,1999,1.0364100486773973
2,1999,0.9722956469012342
3,1999,1.0418050215061205
4,1999,1.0387254944308582
5,1999,0.970730423825859
6,1999,1.0616471407462267
7,1999,0.9682898874065338
8,1999,0.9955515689902478
9,1999,0.9725860142007048
10,1999,1.0564177198251936
11,1999,1.0269568299575655
12,1999,1.0588961591274029
1,2000,0.9497576180818196
2,2000,0.981070308109448
3,2000,1.0978237837933031
4,2000,0.9804836176157407
5,2000,0.9689286004843386
6,2000,1.0246533164706941
7,2000,0.984365793746929
8,2000,1.0621143746265391
9,2000,0.9470222847890258
10,2000,0.9959662683267054
11,2000,0.9211604587547086
12,2000,0.976725209731692
1,2001,1.0653427478817805
2,2001,0.9088183085913
3,2001,0.9249772277449856
4,2001,1.0913099343724584
5,2001,1.0066999280476352
6,2001,0.9854560330395213
7,2001,0.9803145308369576
8,2001,0.9373982664271217
9,2001,0.9171377002552045
10,2001,1.021413206390231
11,2001,1.0767062807628758
12,2001,1.008760566493032
1,2002,0.9854068516530028
2,2002,0.9807146134753391
3,2002,1.0368404163665472
4,2002,0.9400687696128763
5,2002,0.9926328068349732
6,2002,0.9089061806022678
7,2002,0.9421967414532497
8,2002,0.9647732394150265
9,2002,0.9299308057886797
10,2002,1.0880164452312189
11,2002,1.0568463536505734
12,2002,0.9430446147845131
1,2003,0.9738038140680401
2,2003,0.9849959861275224
3,2003,1.0097089298031767
4,2003,1.0823705480580639
5,2003,1.0564501986152757
6,2003,1.0091494293797552
7,2003,1.0176313501774037
8,2003,1.0336603386140282
9,2003,0.975829096313983
10,2003,1.0565700348094884
11,2003,1.020204538692807
12,2003,1.0406777292358995
1,2004,1.0220889377283735
2,2004,1.0199609597831385
3,2004,0.9754837617611499
4,2004,0.9843015708410522
5,2004,1.0141968875287772
6,2004,1.0189684962448817
7,2004,0.9712030899947509
8,2004,0.9995995055810764
9,2004,1.0108305906655382
10,2004,1.0155540580802962
11,2004,1.040177992791049
12,2004,1.0340286615382666
1,2005,0.9756249902160495
2,2005,1.0210442205260017
3,2005,0.9822919490602703
4,2005,0.9855419457105016
5,2005,1.0270993669353299
6,2005,1.0014193890659477
7,2005,1.0381745081353688
8,2005,0.9899348553843524
9,2005,1.0080993159156297
10,2005,0.9833291334945834
11,2005,1.037822297828517
12,2005,1.0167786090798536
1,2006,1.0098908257127077
2,2006,1.0027142362539307
3,2006,1.0124486024983765
4,2006,1.0092356331755363
5,2006,0.9752511899425823
6,2006,1.0013530190252007
7,2006,1.0061680327560436
8,2006,1.0237981745866176
9,2006,1.0223137844081325
10,2006,1.0360726549308668
11,2006,1.019020159325977
12,2006,1.0130015908229784
1,2007,1.0161498588438225
2,2007,0.9804388090182242
3,2007,1.0138203311907468
4,2007,1.0415803424774974
5,2007,1.0348977399315094
6,2007,0.9939144149690006
7,2007,0.9587310856334915
8,2007,1.0149884144091939
9,2007,1.0511934114028285
10,2007,1.0025771064287738
11,2007,0.958191502937186
12,2007,0.9930630310199965
1,2008,0.940018991959606
2,2008,0.9675169524402156
3,2008,0.9956805309201033
4,2008,1.0487018890616082
5,2008,1.002346893113363
6,2008,0.925385032135985
7,2008,0.9915922948203915
8,2008,1.0103505279069214
9,2008,0.9146046658632112
10,2008,0.8320493812344488
11,2008,0.8454168045766935
12,2008,1.1096617508211075
1,2009,0.9152293899899869
2,2009,0.8523247681737871
3,2009,1.1407674056901138
4,2009,1.095709137011938
5,2009,1.0832339257556445
6,2009,0.9767308500345306
7,2009,1.0756334488076575
8,2009,1.036103477811959
9,2009,1.0373177222038172
10,2009,0.9877601190495102
11,2009,1.0531826010803342
12,2009,1.0193101390188564
1,2010,0.9777849126210738
2,2010,1.0268274088084857
3,2010,1.049656615355048
4,2010,1.015786375266315
5,2010,0.904394905523248
6,2010,0.9641594390294835
7,2010,1.0936434185974993
8,2010,0.9342697976012939
9,2010,1.0892413911913519
10,2010,1.039037166383181
11,2010,0.9991782086209091
12,2010,1.0668318329215616
1,2011,1.0237005801069063
2,2011,1.034258965090385
3,2011,1.000397533523516
4,2011,1.0278105698126505
5,2011,0.9904158201336852
6,2011,0.9833308462226025
7,2011,0.9756163281679205
8,2011,0.949602195047271
9,2011,0.9297036755317488
10,2011,1.1092921037865258
11,2011,0.997791587205704
12,2011,1.025885693603918
1,2012,1.0288679081752534
2,2012,1.0432418041501637
3,2012,1.0407312927887726
4,2012,0.986255981905551
5,2012,0.9398984834664857
6,2012,1.0438277818240804
7,2012,1.0113387086787522
8,2012,1.0225228506692912
9,2012,1.0286106072521104
10,2012,0.9788934966150019
11,2012,1.0058002650515143
12,2012,1.0091142789772378
1,2013,1.051796010263961
2,2013,1.013575485536313
3,2013,1.0329260801024966
4,2013,1.023783191790106
5,2013,1.0233900728971803
6,2013,0.992022731261535
7,2013,1.0451121785452182
8,2013,0.9710386817535893
9,2013,1.0313582863027393
10,2013,1.0459672418156927
11,2013,1.0304739503746103
12,2013,1.025317591206204
1,2014,0.9654239516905855
2,2014,1.0457457942751889
3,2014,1.0084035871628185
4,2014,1.0073914756326505
5,2014,1.02347623570304
6,2014,1.0206563242857245
7,2014,0.9862084692009286
8,2014,1.0400063941943904
9,2014,0.9859771531230705
10,2014,1.0244248031549192
11,2014,1.02689409502754
12,2014,0.9974807883205853
1,2015,0.9699796257336248
2,2015,1.05747371637686
3,2015,0.9841843358148125
4,2015,1.0095945882450788
5,2015,1.012858622841949
6,2015,0.9806408341903514
7,2015,1.020952081267323
8,2015,0.9396657939110354
9,2015,0.9752564366961681
10,2015,1.0843545266373775
11,2015,1.0029731381515083
12,2015,0.984228039288243
1,2016,0.9503768055987686
2,2016,0.99865086629337
3,2016,1.0678373114381996
4,2016,1.0038780208650675
5,2016,1.0179572182610441
6,2016,1.002592251368927
7,2016,1.0368680082789314
8,2016,1.0014047846193481
9,2016,1.0001868801443858
10,2016,0.9817595472236695
11,2016,1.037035114410368
12,2016,1.0197653330710692
1,2017,1.0189662181083907
2,2017,1.03970815261252
3,2017,1.001164809645364
4,2017,1.0102705691930802
5,2017,1.0140725261974888
6,2017,1.0062417462845725
7,2017,1.0205627611835528
8,2017,1.0030620622084028
9,2017,1.020627748329144
10,2017,1.0233348406451022
11,2017,1.03066954816714
12,2017,1.0111183524769087
1,2018,1.05725373913974
2,2018,0.9631442096598924
3,2018,0.9745859620798676
4,2018,1.0038370909140584
5,2018,1.024082233102429
6,2018,1.0061544535437328
7,2018,1.0372147873573014
8,2018,1.0325840186130073
9,2018,1.0056920498140367
10,2018,0.9316499581053085
11,2018,1.020378099179915
12,2018,0.9097101431169504
1,2019,1.0801349055296177
2,2019,1.0321084473801627
3,2019,1.0194313317256671
4,2019,1.04048929622648
5,2019,0.9364519724805456
6,2019,1.0704767117082221
7,2019,1.014373122272523
8,2019,0.9841586339750648
9,2019,1.0187106977850076
10,2019,1.0216589916255874
11,2019,1.0362990392312361
12,2019,1.0301828481321695
1,2020,0.9996078473881527
2,2020,0.9176812698459017
3,2020,0.8764864690474294
4,2020,1.1281940332138145
5,2020,1.047627458496983
6,2020,1.0198882111589396
7,2020,1.056385171144159
8,2020,1.071879829711922
9,2020,0.9620028057601598
10,2020,0.9734073534986816
11,2020,1.1094636251820764
12,2020,1.0384485671014612
1,2021,0.9899037932972007
2,2021,1.0275744988276785
3,2021,1.0437955556116885
4,2021,1.0533690680901344
5,2021,1.0069841995231805
6,2021,1.0233453906595489
7,2021,1.0237543582869353
8,2021,1.0304056378674744
9,2021,0.953490615313427
10,2021,1.0700613574878424
11,2021,0.9930711832972494
12,2021,1.0448164061325484
1,2022,0.9482531768399046
2,2022,0.9700578251458251
3,2022,1.037130008942005
4,2022,0.9127983744149573
5,2022,1.0018340395721044
6,2022,0.9174563276032516
7,2022,1.0922044729107183
8,2022,0.9592186435867615
9,2022,0.9079004875037209
10,2022,1.0809612870482854
11,2022,1.0558847505579267
12,2022,0.9423853423635192
1,2023,1.0628342800991957
2,2023,0.9756002153314773
3,2023,1.0367143093325446
4,2023,1.015608914924778
5,2023,1.0043468277590306
6,2023,1.0660755466922671
7,2023,1.0321245399760495
8,2023,0.984078883008379
9,2023,0.9523218065817842
10,2023,0.9789731300918357
11,2023,1.0913258604331593
12,2023,1.0454306195291767
1,2024,1.0278673653429524
2,2024,1.0407736506901515
3,2024,1.0316463020455071
4,2024,0.9887671958797579
5,2024,1.0240078709200409
6,2024,1.0343652523384839
7,2024,1.0226882407472382
8,2024,0.9892036836403033
9,2024,1.0261125440609251
10,2024,1.030430899833845
11,2024,1.0237555936136127
12,2024,1.0235854783875666