1,1871,1
2,1871,1.0135135135135134
3,1871,1.0244444444444445
4,1871,1.0281995661605206
5,1871,1.0253164556962024
6,1871,0.9917695473251029
7,1871,0.9813278008298756
8,1871,1.0126849894291754
9,1871,1.010438413361169
10,1871,0.9483471074380165
11,1871,1.0108932461873639
12,1871,1.021551724137931
1,1872,1.0253164556962024
2,1872,1.0041152263374484
3,1872,1.0327868852459017
4,1872,1.0277777777777777
5,1872,1
6,1872,0.9903474903474904
7,1872,0.9941520467836257
8,1872,0.9882352941176472
9,1872,0.9821428571428572
10,1872,1.0040404040404038
11,1872,0.9959758551307848
12,1872,1.0242424242424242
1,1873,1.0078895463510849
2,1873,1.0078277886497065
3,1873,0.9922330097087377
4,1873,0.9863013698630138
5,1873,1.001984126984127
6,1873,0.9861386138613861
7,1873,0.9979919678714859
8,1873,1
9,1873,0.9235412474849094
10,1873,0.9128540305010895
11,1873,0.9642004773269689
12,1873,1.0940594059405941
1,1874,1.0542986425339367
2,1874,1.0300429184549356
3,1874,0.9854166666666669
4,1874,0.9725158562367863
5,1874,0.9739130434782609
6,1874,0.9955357142857141
7,1874,1
8,1874,1.0022421524663676
9,1874,1.0156599552572707
10,1874,0.9977973568281939
11,1874,1.0088300220750552
12,1874,0.9934354485776805
1,1875,1
2,1875,0.9977973568281939
3,1875,1.0132450331125826
4,1875,1.0130718954248368
5,1875,0.9612903225806452
6,1875,0.9798657718120806
7,1875,1.002283105022831
8,1875,1.0045558086560364
9,1875,0.9909297052154195
10,1875,0.9839816933638443
11,1875,1.016279069767442
12,1875,1
1,1876,1.0205949656750573
2,1876,1.013452914798206
3,1876,0.9977876106194692
4,1876,0.9623059866962306
5,1876,0.9631336405529953
6,1876,0.992822966507177
7,1876,0.9879518072289155
8,1876,0.9585365853658537
9,1876,0.9389312977099236
10,1876,0.994579945799458
11,1876,0.9809264305177112
12,1876,0.9944444444444445
1,1877,0.9916201117318435
2,1877,0.9408450704225352
3,1877,0.9491017964071857
4,1877,0.9274447949526815
5,1877,1
6,1877,0.9285714285714286
7,1877,1.043956043956044
8,1877,1.0701754385964912
9,1877,1.0622950819672132
10,1877,1.0216049382716048
11,1877,0.984894259818731
12,1877,0.9969325153374233
1,1878,1
2,1878,0.9784615384615385
3,1878,1.0188679245283019
4,1878,1.0277777777777777
5,1878,1.003003003003003
6,1878,1.0209580838323353
7,1878,1.0205278592375366
8,1878,0.9913793103448276
9,1878,1.0202898550724637
10,1878,0.9886363636363636
11,1878,0.9971264367816092
12,1878,0.9942363112391931
1,1879,1.0376811594202897
2,1879,1.036312849162011
3,1879,0.9838274932614555
4,1879,1.0328767123287672
5,1879,1.0450928381962865
6,1879,1.0050761421319796
7,1879,1.02020202020202
8,1879,1.0074257425742574
9,1879,1.0368550368550367
10,1879,1.1090047393364928
11,1879,1.0534188034188035
12,1879,0.9979716024340772
1,1880,1.038617886178862
2,1880,1.0176125244618395
3,1880,1.0192307692307692
4,1880,0.9773584905660377
5,1880,0.9208494208494208
6,1880,1.0041928721174005
7,1880,1.045929018789144
8,1880,1.035928143712575
9,1880,0.9980732177263968
10,1880,1.028957528957529
11,1880,1.052532833020638
12,1880,1.0409982174688057
1,1881,1.0599315068493151
2,1881,0.9967689822294021
3,1881,1.0113452188006484
4,1881,0.9967948717948717
5,1881,1.045016077170418
6,1881,1.0123076923076924
7,1881,0.9650455927051671
8,1881,0.9763779527559056
9,1881,1.0080645161290323
10,1881,0.9840000000000001
11,1881,1.0065040650406505
12,1881,0.9709208400646202
1,1882,0.9850249584026622
2,1882,0.9780405405405405
3,1882,0.9982728842832471
4,1882,1
5,1882,0.9878892733564012
6,1882,0.9947460595446584
7,1882,1.0563380281690142
8,1882,1.03
9,1882,1.0097087378640777
10,1882,0.9727564102564102
11,1882,0.9571663920922567
12,1882,1.0051635111876076
1,1883,0.9948630136986301
2,1883,0.9776247848537005
3,1883,1.012323943661972
4,1883,1.0208695652173914
5,1883,0.9829642248722316
6,1883,1.0086655112651648
7,1883,0.9845360824742269
8,1883,0.9546247818499126
9,1883,1.0109689213893969
10,1883,0.972875226039783
11,1883,1.0148698884758365
12,1883,0.9780219780219781
1,1884,0.9700374531835205
2,1884,1.0270270270270272
3,1884,0.9962406015037593
4,1884,0.9547169811320755
5,1884,0.9189723320158104
6,1884,0.9591397849462364
7,1884,1
8,1884,1.062780269058296
9,1884,0.9683544303797468
10,1884,0.9673202614379086
11,1884,0.9797297297297296
12,1884,0.9977011494252874
1,1885,0.9769585253456222
2,1885,1.0306603773584906
3,1885,1.0022883295194507
4,1885,0.997716894977169
5,1885,0.988558352402746
6,1885,0.9953703703703702
7,1885,1.0372093023255815
8,1885,1.0560538116591929
9,1885,0.9872611464968154
10,1885,1.058064516129032
11,1885,1.0650406504065042
12,1885,0.9923664122137406
1,1886,1
2,1886,1.0192307692307692
3,1886,0.979245283018868
4,1886,0.9865125240847784
5,1886,0.9804687499999998
6,1886,1.0458167330677293
7,1886,1.0152380952380953
8,1886,1.0075046904315197
9,1886,1.026070763500931
10,1886,1.0254083484573504
11,1886,1.0247787610619468
12,1886,0.9740932642487045
1,1887,0.9893617021276597
2,1887,0.992831541218638
3,1887,1.023465703971119
4,1887,1.0229276895943562
5,1887,1.017241379310345
6,1887,0.9711864406779661
7,1887,0.975567190226876
8,1887,0.9749552772808587
9,1887,0.9871559633027523
10,1887,0.966542750929368
11,1887,1.0192307692307692
12,1887,0.9943396226415094
1,1888,1.0075901328273245
2,1888,0.9943502824858759
3,1888,0.9621212121212122
4,1888,1.0039370078740157
5,1888,1.0137254901960784
6,1888,0.9690522243713732
7,1888,1.0259481037924152
8,1888,1.0214007782101169
9,1888,1.0247619047619048
10,1888,0.9944237918215613
11,1888,0.9794392523364487
12,1888,0.9809160305343512
1,1889,1.019455252918288
2,1889,1.0114503816793892
3,1889,0.979245283018868
4,1889,0.9980732177263968
5,1889,1.0270270270270272
6,1889,1.0169172932330828
7,1889,0.9796672828096118
8,1889,1.0132075471698114
9,1889,1.0242085661080074
10,1889,0.981818181818182
11,1889,0.9907407407407406
12,1889,0.9943925233644861
1,1890,1.0112781954887218
2,1890,0.9888475836431228
3,1890,0.9924812030075187
4,1890,1.0208333333333333
5,1890,1.0426716141001857
6,1890,0.9928825622775801
7,1890,0.992831541218638
8,1890,0.9765342960288809
9,1890,0.9833641404805916
10,1890,0.9548872180451127
11,1890,0.9271653543307087
12,1890,0.9766454352441613
1,1891,1.0521739130434784
2,1891,1.012396694214876
3,1891,0.9816326530612244
4,1891,1.0332640332640333
5,1891,0.9959758551307848
6,1891,0.9797979797979796
7,1891,0.9835051546391752
8,1891,1.0335429769392035
9,1891,1.081135902636917
10,1891,1
11,1891,0.9849906191369606
12,1891,1.0304761904761905
1,1892,1.0184842883548983
2,1892,1.0018148820326678
3,1892,1.0108695652173914
4,1892,0.9982078853046596
5,1892,1
6,1892,0.9946140035906642
7,1892,1
8,1892,1.0144404332129964
9,1892,0.9750889679715303
10,1892,1.02007299270073
11,1892,0.9964221824686942
12,1892,0.9892280071813285
1,1893,1.0181488203266789
2,1893,0.9821746880570409
3,1893,0.9637023593466423
4,1893,1
5,1893,0.9114877589453861
6,1893,0.9524793388429754
7,1893,0.9067245119305856
8,1893,0.9760765550239235
9,1893,1.071078431372549
10,1893,1.0297482837528604
11,1893,1.0155555555555555
12,1893,0.9649890590809628
1,1894,0.979591836734694
2,1894,1.0138888888888888
3,1894,1.0296803652968036
4,1894,1.0133037694013305
5,1894,0.962800875273523
6,1894,0.9863636363636362
7,1894,0.9792626728110599
8,1894,1.0376470588235294
9,1894,1.015873015873016
10,1894,0.9687499999999999
11,1894,1
12,1894,0.990783410138249
1,1895,0.9883720930232559
2,1895,0.9858823529411765
3,1895,1
4,1895,1.0429594272076372
5,1895,1.0549199084668193
6,1895,1.019522776572668
7,1895,1.004255319148936
8,1895,1.0148305084745763
9,1895,1.0062630480167014
10,1895,0.9854771784232363
11,1895,0.9663157894736841
12,1895,0.9411764705882354
1,1896,0.9884259259259257
2,1896,1.0421545667447307
3,1896,0.9842696629213482
4,1896,1.0091324200913243
5,1896,0.9954751131221721
6,1896,0.9818181818181818
7,1896,0.9351851851851851
8,1896,0.943069306930693
9,1896,1.0524934383202098
10,1896,1.0224438902743143
11,1896,1.0682926829268293
12,1896,0.9634703196347032
1,1897,1
2,1897,0.990521327014218
3,1897,1.0023923444976077
4,1897,0.9689737470167064
5,1897,1.0049261083743843
6,1897,1.0465686274509802
7,1897,1.044496487119438
8,1897,1.0650224215246638
9,1897,1.0484210526315791
10,1897,0.967871485943775
11,1897,0.9647302904564315
12,1897,1.021505376344086
1,1898,1.0273684210526315
2,1898,0.9979508196721313
3,1898,0.9548254620123204
4,1898,0.9827956989247312
5,1898,1.0656455142231946
6,1898,1.0390143737166324
7,1898,1.0039525691699607
8,1898,1.0374015748031495
9,1898,0.9981024667931689
10,1898,0.979087452471483
11,1898,1.033009708737864
12,1898,1.0620300751879699
1,1899,1.0761061946902655
2,1899,1.037828947368421
3,1899,1.0142630744849446
4,1899,1.0125
5,1899,0.9583333333333333
6,1899,0.9774557165861515
7,1899,1.0345963756177925
8,1899,1.0254777070063694
9,1899,0.9891304347826085
10,1899,0.9952904238618524
11,1899,1.0189274447949528
12,1899,0.9318885448916409
1,1900,1.0132890365448506
2,1900,1.018032786885246
3,1900,1.0080515297906603
4,1900,1.012779552715655
5,1900,0.9526813880126184
6,1900,0.9701986754966887
7,1900,1
8,1900,1.0136518771331058
9,1900,0.9764309764309763
10,1900,1.0362068965517242
11,1900,1.0782029950083196
12,1900,1.0601851851851851
1,1901,1.0291120815138282
2,1901,1.0254596888260255
3,1901,1.0358620689655171
4,1901,1.0838881491344874
5,1901,0.9496314496314496
6,1901,1.0996119016817594
7,1901,0.9329411764705882
8,1901,1.0138713745271122
9,1901,0.9950248756218907
10,1901,0.98875
11,1901,1.0214917825537295
12,1901,0.9839108910891089
1,1902,1.021383647798742
2,1902,1.0086206896551724
3,1902,1.0012210012210012
4,1902,1.0341463414634149
5,1902,0.9976415094339622
6,1902,0.9940898345153664
7,1902,1.022592152199762
8,1902,1.0267441860465116
9,1902,1.0022650056625142
10,1902,0.968361581920904
11,1902,0.9614935822637106
12,1902,0.9769417475728156
1,1903,1.0509316770186337
2,1903,0.9940898345153664
3,1903,0.9607609988109393
4,1903,0.9591584158415841
5,1903,0.9806451612903225
6,1903,0.9447368421052632
7,1903,0.9540389972144847
8,1903,0.9678832116788322
9,1903,0.975867269984917
10,1903,0.9675425038639877
11,1903,1.003194888178914
12,1903,1.0461783439490446
1,1904,1.0167427701674276
2,1904,0.9730538922155689
3,1904,0.9969230769230769
4,1904,1.0246913580246912
5,1904,0.9789156626506025
6,1904,1.0015384615384615
7,1904,1.0414746543778803
8,1904,1.0339233038348081
9,1904,1.044222539229672
10,1904,1.0587431693989071
11,1904,1.0541935483870968
12,1904,1.0097919216646267
1,1905,1.0218181818181817
2,1905,1.043890865954923
3,1905,1.0284090909090908
4,1905,0.9878453038674033
5,1905,0.9507829977628636
6,1905,1.011764705882353
7,1905,1.0313953488372092
8,1905,1.0372040586245772
9,1905,1.0032608695652174
10,1905,1.0140845070422535
11,1905,0.9946581196581199
12,1905,1.024704618689581
1,1906,1.0345911949685536
2,1906,0.9929078014184398
3,1906,0.9755102040816326
4,1906,0.9864016736401673
5,1906,0.9734888653234359
6,1906,1.0130718954248368
7,1906,0.9741935483870967
8,1906,1.0739514348785872
9,1906,1.0308324768756423
10,1906,0.9700897308075773
11,1906,1.0205549845837616
12,1906,0.9909365558912387
1,1907,0.9715447154471544
2,1907,0.9686192468619246
3,1907,0.9017278617710583
4,1907,1.0047904191616768
5,1907,0.9654350417163289
6,1907,0.9679012345679012
7,1907,1.0382653061224492
8,1907,0.925061425061425
9,1907,0.9893758300132802
10,1907,0.8912751677852349
11,1907,0.9412650602409639
12,1907,1.0512000000000001
1,1908,1.0426179604261796
2,1908,0.9635036496350365
3,1908,1.040909090909091
4,1908,1.0538573508005822
5,1908,1.0538674033149171
6,1908,1.001310615989515
7,1908,1.036649214659686
8,1908,1.0429292929292928
9,1908,0.9891041162227603
10,1908,1.0122399020807833
11,1908,1.067714631197098
12,1908,1.0226500566251415
1,1909,1.0033222591362128
2,1909,0.9713024282560707
3,1909,1.0136363636363634
4,1909,1.0448430493273544
5,1909,1.0332618025751072
6,1909,1.0176531671858775
7,1909,1.0142857142857142
8,1909,1.0241448692152917
9,1909,1.0009823182711197
10,1909,1.0039254170755643
11,1909,0.995112414467253
12,1909,1.0117878192534382
1,1910,0.978640776699029
2,1910,0.9642857142857143
3,1910,1.0246913580246915
4,1910,0.9759036144578314
5,1910,0.9835390946502057
6,1910,0.9518828451882846
7,1910,0.9494505494505495
8,1910,1.0243055555555554
9,1910,1.0067796610169493
10,1910,1.0460157126823795
11,1910,0.9989270386266094
12,1910,0.9720730397422127
1,1911,1.0243093922651934
2,1911,1.017259978425027
3,1911,0.9883351007423118
4,1911,0.9957081545064376
5,1911,1.021551724137931
6,1911,1.020042194092827
7,1911,0.9958634953464323
8,1911,0.9522326064382137
9,1911,0.945474372955289
10,1911,1.005767012687428
11,1911,1.040137614678899
12,1911,1.0044101433296582
1,1912,1.0010976948408343
2,1912,0.9912280701754385
3,1912,1.0287610619469028
4,1912,1.0311827956989246
5,1912,0.9989572471324296
6,1912,1
7,1912,1.001043841336117
8,1912,1.0229405630865485
9,1912,1.0050968399592253
10,1912,0.9979716024340772
11,1912,0.9888211382113821
12,1912,0.9640287769784174
1,1913,0.9914712153518125
2,1913,0.964516129032258
3,1913,0.9810479375696767
4,1913,0.9988636363636362
5,1913,0.9726962457337885
6,1913,0.9497076023391812
7,1913,1.0135467980295567
8,1913,1.0267314702308625
9,1913,1.0094674556213017
10,1913,0.9683470105509965
11,1913,0.9745762711864407
12,1913,0.998757763975155
1,1914,1.041044776119403
2,1914,1.013142174432497
3,1914,0.9811320754716981
4,1914,0.9759615384615383
5,1914,1.0061576354679804
6,1914,0.9951040391676867
7,1914,0.9446494464944648
8,1914,1
9,1914,1
10,1914,1
11,1914,1
12,1914,0.95703125
1,1915,1.017687074829932
2,1915,0.9866310160427806
3,1915,1.0257452574525745
4,1915,1.0752972258916778
5,1915,0.9766584766584766
6,1915,1.011320754716981
7,1915,0.9962686567164181
8,1915,1.0424469413233457
9,1915,1.037125748502994
10,1915,1.0554272517321017
11,1915,1.0350109409190373
12,1915,1.0021141649048626
1,1916,0.9841772151898734
2,1916,0.9860664523043943
3,1916,0.9967391304347827
4,1916,0.9890948745910578
5,1916,1.022050716648291
6,1916,1.0097087378640777
7,1916,0.9861111111111112
8,1916,1.0075839653304441
9,1916,1.0408602150537634
10,1916,1.0309917355371903
11,1916,1.0230460921843687
12,1916,0.9598432908912831
1,1917,0.9765306122448979
2,1917,0.9435736677115987
3,1917,1.0310077519379846
4,1917,0.9849624060150375
5,1917,0.9661941112322792
6,1917,1.020316027088036
7,1917,0.9723451327433629
8,1917,0.9704209328782708
9,1917,0.9519343493552169
10,1917,0.9458128078817735
11,1917,0.9166666666666667
12,1917,0.9659090909090908
1,1918,1.0602941176470588
2,1918,1.030513176144244
3,1918,0.9798115746971737
4,1918,0.9903846153846153
5,1918,1.0319001386962552
6,1918,1.0013440860215053
7,1918,1.0080536912751676
8,1918,1.0093209054593875
9,1918,0.9947229551451188
10,1918,1.0424403183023874
11,1918,1.0254452926208653
12,1918,0.98014888337469
1,1919,0.9936708860759492
2,1919,1.0038216560509554
3,1919,1.030456852791878
4,1919,1.0332512315270939
5,1919,1.0691299165673422
6,1919,1.0267558528428093
7,1919,1.03257328990228
8,1919,0.9327024185068349
9,1919,1.015783540022548
10,1919,1.0510543840177582
11,1919,0.9704329461457233
12,1919,0.9706202393906419
1,1920,0.9899103139013453
2,1920,0.9173272933182333
3,1920,1.0703703703703704
4,1920,0.9919261822376009
5,1920,0.9372093023255815
6,1920,0.9826302729528535
7,1920,0.9987373737373738
8,1920,0.9608091024020227
9,1920,1.0355263157894739
10,1920,1.0012706480304956
11,1920,0.9492385786802031
12,1920,0.9104278074866309
1,1921,1.0440528634361235
2,1921,0.9929676511954991
3,1921,0.9745042492917847
4,1921,1.0043604651162792
5,1921,1.0303907380607815
6,1921,0.9199438202247191
7,1921,0.9969465648854963
8,1921,0.9877488514548238
9,1921,1.0248062015503876
10,1921,1.0136157337367624
11,1921,1.053731343283582
12,1921,1.0354107648725213
1,1922,0.9986320109439125
2,1922,1.021917808219178
3,1922,1.0375335120643432
4,1922,1.0607235142118865
5,1922,1.0389768574908647
6,1922,0.9906213364595545
7,1922,1.0071005917159763
8,1922,1.037602820211516
9,1922,1.026047565118913
10,1922,1.0220750551876379
11,1922,0.9503239740820736
12,1922,0.9977272727272726
1,1923,1.0136674259681095
2,1923,1.042696629213483
3,1923,1.0161637931034484
4,1923,0.9650053022269353
5,1923,0.9527472527472528
6,1923,0.9619377162629759
7,1923,0.9664268585131895
8,1923,1.0049627791563274
9,1923,1.0061728395061729
10,1923,0.9852760736196319
11,1923,1.0298879202988793
12,1923,1.033857315598549
1,1924,1.0327485380116959
2,1924,1.0045300113250282
3,1924,0.9808342728297632
4,1924,0.9770114942528736
5,1924,0.9964705882352942
6,1924,1.0188902007083824
7,1924,1.0463499420625721
8,1924,1.034330011074197
9,1924,0.9903640256959315
10,1924,0.9870270270270272
11,1924,1.0558598028477546
12,1924,1.053941908713693
1,1925,1.0413385826771653
2,1925,1.0085066162570888
3,1925,0.9737582005623244
4,1925,0.9894128970163618
5,1925,1.0321011673151752
6,1925,1.0179076343072575
7,1925,1.0277777777777777
8,1925,1.0135135135135136
9,1925,1.023111111111111
10,1925,1.0330147697654215
11,1925,1.0311185870479394
12,1925,1.0163132137030997
1,1926,1.0152487961476726
2,1926,1.0015810276679842
3,1926,0.9321231254932911
4,1926,0.9720575783234549
5,1926,1.0069686411149825
6,1926,1.0475778546712802
7,1926,1.042113955408753
8,1926,1.0396196513470681
9,1926,1.0152439024390245
10,1926,0.9774774774774774
11,1926,1.0130568356374807
12,1926,1.0227445034116756
1,1927,0.9933283914010378
2,1927,1.019402985074627
3,1927,1.0153733528550513
4,1927,1.0245133381398703
5,1927,1.0344827586206895
6,1927,1.0129251700680273
7,1927,1.0221625251846878
8,1927,1.0532194480946124
9,1927,1.056768558951965
10,1927,0.9846517119244391
11,1927,1.0227817745803356
12,1927,1.0234466588511137
1,1928,1.0040091638029782
2,1928,0.9880205362236166
3,1928,1.0536951501154734
4,1928,1.0630136986301368
5,1928,1.0309278350515465
6,1928,0.9509999999999998
7,1928,1.0073606729758149
8,1928,1.0323590814196242
9,1928,1.0702730030333671
10,1928,1.0203117619272555
11,1928,1.0675925925925924
12,1928,1.0039028620988726
1,1929,1.073866090712743
2,1929,1.0052292839903458
3,1929,1.0176070428171269
4,1929,0.9941014549744397
5,1929,1.0150316455696202
6,1929,1.0190958690568979
7,1929,1.0891013384321224
8,1929,1.0568820224719102
9,1929,1.0398671096345515
10,1929,0.8942492012779552
11,1929,0.7352625937834941
12,1929,1.0398445092322643
1,1930,1.0144859813084113
2,1930,1.0626439428834638
3,1930,1.0377113133940183
4,1930,1.0634920634920635
5,1930,0.9402985074626866
6,1930,0.8989139515455304
7,1930,0.9786245353159853
8,1930,0.9871794871794872
9,1930,0.9995189995189995
10,1930,0.8623676612127046
11,1930,0.9274553571428571
12,1930,0.9332129963898916
1,1931,1.0303030303030303
2,1931,1.0763454317897372
3,1931,1.019186046511628
4,1931,0.9047347404449514
5,1931,0.9035308953341741
6,1931,0.9678995115143056
7,1931,1.0331651045421775
8,1931,0.9699930216329379
9,1931,0.8510791366906475
10,1931,0.8664412510566357
11,1931,1.0136585365853659
12,1931,0.8123195380173243
1,1932,0.9834123222748816
2,1932,0.9915662650602409
3,1932,1.0036452004860266
4,1932,0.7602905569007264
5,1932,0.8773885350318471
6,1932,0.8656987295825771
7,1932,1.050314465408805
8,1932,1.502994011976048
9,1932,1.096945551128818
10,1932,0.8619854721549637
11,1932,0.9901685393258427
12,1932,0.9673758865248226
1,1933,1.0395894428152492
2,1933,0.8815232722143865
3,1933,0.9968
4,1933,1.1059390048154092
5,1933,1.2873730043541365
6,1933,1.1713641488162347
7,1933,1.080846968238691
8,1933,0.95013357079252
9,1933,0.9915651358950328
10,1933,0.9026465028355387
11,1933,1.0240837696335077
12,1933,1.0194274028629857
1,1934,1.0571715145436307
2,1934,1.0740037950664139
3,1934,0.9487632508833922
4,1934,1.0167597765363128
5,1934,0.8983516483516484
6,1934,1.0132517838939856
7,1934,0.9527162977867205
8,1934,0.9609292502639915
9,1934,0.975824175824176
10,1934,1.0078828828828827
11,1934,1.0279329608938548
12,1934,1.0065217391304349
1,1935,1
2,1935,0.9697624190064796
3,1935,0.9365256124721604
4,1935,1.074910820451843
5,1935,1.0785398230088497
6,1935,1.037948717948718
7,1935,1.0523715415019763
8,1935,1.0676056338028168
9,1935,1.0211081794195251
10,1935,1.0267011197243756
11,1935,1.093959731543624
12,1935,1
1,1936,1.0552147239263805
2,1936,1.0574127906976745
3,1936,1.0213058419243985
4,1936,1.0013458950201886
5,1936,0.9469086021505376
6,1936,1.0425833924769339
7,1936,1.0592239618788293
8,1936,1.0199228791773778
9,1936,1.011342155009452
10,1936,1.0523364485981308
11,1936,1.0278271166370634
12,1936,0.9827188940092165
1,1937,1.0310668229777258
2,1937,1.0295622512791358
3,1937,0.9988956377691882
4,1937,0.9402985074626866
5,1937,0.9553203997648441
6,1937,0.9624615384615385
7,1937,1.059462915601023
8,1937,1.0102595051297525
9,1937,0.8584229390681004
10,1937,0.8545581071677105
11,1937,0.9120521172638436
12,1937,0.9839285714285715
1,1938,1.0263157894736843
2,1938,0.9761273209549071
3,1938,0.933876811594203
4,1938,0.9592628516003879
5,1938,1.0091001011122345
6,1938,1.0230460921843687
7,1938,1.1988246816846229
8,1938,1.005718954248366
9,1938,0.9545085296506906
10,1938,1.1114893617021278
11,1938,1.0007656967840735
12,1938,0.9709257842387146
1,1939,0.9850275807722617
2,1939,0.992
3,1939,0.999193548387097
4,1939,0.8740920096852299
5,1939,1.0369344413665744
6,1939,1.0178094390026713
7,1939,1.0244969378827649
8,1939,0.9854824935952177
9,1939,1.1065857885615251
10,1939,1.01018010963195
11,1939,0.9821705426356588
12,1939,0.9763220205209155
1,1940,0.9943411479385611
2,1940,0.9934959349593496
3,1940,0.9942716857610474
4,1940,1.0098765432098764
5,1940,0.8622656886715567
6,1940,0.9139886578449904
7,1940,1.033092037228542
8,1940,1.0210210210210209
9,1940,1.0421568627450981
10,1940,1.0094073377234243
11,1940,1.0232991612301958
12,1940,0.9590163934426228
1,1941,1.0018993352326686
2,1941,0.9374407582938389
3,1941,1.0060667340748228
4,1941,0.9688442211055278
5,1941,0.9782157676348547
6,1941,1.0349946977730646
7,1941,1.0512295081967213
8,1941,0.9951267056530214
9,1941,1.0029382957884427
10,1941,0.9599609375
11,1941,0.9532044760935908
12,1941,0.9348986125933831
1,1942,1.019406392694064
2,1942,0.9686450167973125
3,1942,0.945664739884393
4,1942,0.9584352078239609
5,1942,1.0114795918367347
6,1942,1.0504413619167718
7,1942,1.0372148859543817
8,1942,0.9942129629629629
9,1942,1.010477299185099
10,1942,1.0737327188940093
11,1942,1.0160944206008584
12,1942,1.0052798310454065
1,1943,1.059873949579832
2,1943,1.0594648166501486
3,1943,1.0355472404115997
4,1943,1.033423667570009
5,1943,1.0393356643356644
6,1943,1.0176619007569385
7,1943,1.0206611570247934
8,1943,0.9506072874493927
9,1943,1.0212947189097104
10,1943,0.9908256880733944
11,1943,0.9537037037037036
12,1943,1.0132391879964695
1,1944,1.0322299651567943
2,1944,0.9932489451476794
3,1944,1.0280373831775702
4,1944,0.9826446280991737
5,1944,1.0176619007569385
6,1944,1.047107438016529
7,1944,1.0260457774269929
8,1944,0.9853846153846154
9,1944,0.9836065573770492
10,1944,1.0246031746031747
11,1944,0.9930286599535244
12,1944,1.0218408736349454
1,1945,1.0297709923664122
2,1945,1.0333580429948108
3,1945,0.9992826398852224
4,1945,1.0251256281407035
5,1945,1.0378151260504203
6,1945,1.0182186234817814
7,1945,0.979456593770709
8,1945,1.003382949932341
9,1945,1.0681051921780176
10,1945,1.0416666666666667
11,1945,1.0327272727272727
12,1945,1.017018779342723
1,1946,1.0398153491055973
2,1946,1.0027746947835738
3,1946,0.9701162147205313
4,1946,1.0644609241300627
5,1946,1.0021436227224008
6,1946,0.9935828877005347
7,1946,0.9714747039827774
8,1946,0.9806094182825484
9,1946,0.8525423728813559
10,1946,0.9774685222001326
11,1946,0.9959322033898305
12,1946,1.0299523485364195
1,1947,1.0052875082617316
2,1947,1.0387902695595004
3,1947,0.959493670886076
4,1947,0.9630606860158311
5,1947,0.9821917808219178
6,1947,1.0348675034867503
7,1947,1.0626684636118597
8,1947,0.9803424223208624
9,1947,0.9741267787839586
10,1947,1.0258964143426295
11,1947,0.9883495145631068
12,1947,0.9842829076620825
1,1948,0.9866932801064539
2,1948,0.9507754551584625
3,1948,1.0141843971631206
4,1948,1.0769230769230769
5,1948,1.0487012987012987
6,1948,1.0414860681114553
7,1948,0.9762187871581451
8,1948,0.9707673568818512
9,1948,0.9887076537013801
10,1948,1.0272842639593909
11,1948,0.9444101297096972
12,1948,0.9934597776324395
1,1949,1.011191573403555
2,1949,0.9615885416666666
3,1949,1.009478672985782
4,1949,0.9986586183769283
5,1949,0.9926124916051039
6,1949,0.9451962110960759
7,1949,1.0565497494631353
8,1949,1.0359078590785908
9,1949,1.0130804447351212
10,1949,1.025823111684958
11,1949,1.013845185651353
12,1949,1.026691495965239
1,1950,1.0205562273276905
2,1950,1.0195497630331756
3,1950,1.0081348053457293
4,1950,1.0282420749279537
5,1950,1.0336322869955157
6,1950,1.0162689804772234
7,1950,0.9274279615795091
8,1950,1.060414269275029
9,1950,1.0352685838307107
10,1950,1.0414046121593292
11,1950,0.9979869149471564
12,1950,0.9959657085224408
1,1951,1.0739240506329115
2,1951,1.0372465818010372
3,1951,0.983181818181818
4,1951,1.0134073046694407
5,1951,1.000456204379562
6,1951,0.982672138622891
7,1951,1.0176334106728537
8,1951,1.0437756497948016
9,1951,1.0257754477937964
10,1951,0.9948892674616695
11,1951,0.9721746575342465
12,1951,1.0308234258036106
1,1952,1.0333190944041009
2,1952,0.9818106655642828
3,1952,1.0025263157894737
4,1952,0.9970600587988239
5,1952,0.9995787700084245
6,1952,1.0273914875684786
7,1952,1.0287120590648071
8,1952,1.0039872408293462
9,1952,0.9841143764892772
10,1952,0.9790153349475383
11,1952,1.0317394888705689
12,1952,1.0403515781062724
1,1953,1.0053763440860215
2,1953,0.9877769289533995
3,1953,1.0050270688321732
4,1953,0.950750288572528
5,1953,1.0052610279239174
6,1953,0.964170692431562
7,1953,1.0141962421711899
8,1953,1.0041169205434335
9,1953,0.954079540795408
10,1953,1.030081650193382
11,1953,1.0221109720483939
12,1953,1.013469387755102
1,1954,1.0253725332259365
2,1954,1.0219952867242734
3,1954,1.0211375864719447
4,1954,1.0398946179902144
5,1954,1.0398117987694535
6,1954,1.008005569091542
7,1954,1.0404005524861877
8,1954,1.0199137072685032
9,1954,1.0234298730881874
10,1954,1.0232114467408586
11,1954,1.0391547545059043
12,1954,1.0457535885167464
1,1955,1.0180154418072633
2,1955,1.0334269662921347
3,1955,0.9921174232128296
4,1955,1.0345205479452053
5,1955,0.9957627118644068
6,1955,1.0579787234042553
7,1955,1.0731523378582202
8,1955,0.9939095806980559
9,1955,1.0450153193495169
10,1955,0.9497068110058637
11,1955,1.0674424127285682
12,1955,1.0093437152391544
1,1956,0.9731099845713026
2,1956,1.0063420158550396
3,1956,1.0688723835246456
4,1956,1.0117919562013054
5,1956,0.9685744016649324
6,1956,0.9941985388912763
7,1956,1.0542468121893236
8,1956,0.9940549405494055
9,1956,0.9659723654361725
10,1956,0.9871904355251921
11,1956,0.9896193771626297
12,1956,1.0148601398601398
1,1957,0.9782515073212749
2,1957,0.9568567026194146
3,1957,1.0128824476650564
4,1957,1.0231660231660231
5,1957,1.0384017758046615
6,1957,1.016460025651988
7,1957,1.0201892744479495
8,1957,0.9449598021026595
9,1957,0.9594240837696333
10,1957,0.9376989540700319
11,1957,0.9784190106692532
12,1957,0.9995043370508052
1,1958,1.0195883957351848
2,1958,1.0034046692607004
3,1958,1.0206010664081435
4,1958,1.0054618855378772
5,1958,1.0321209258384507
6,1958,1.0240274599542334
7,1958,1.027486033519553
8,1958,1.037407568508047
9,1958,1.0264150943396226
10,1958,1.0406454248366013
11,1958,1.030421982335623
12,1958,1.018857142857143
1,1959,1.0398205272013459
2,1959,0.9847177274361741
3,1959,1.0253788570385247
4,1959,1.0167378917378918
5,1959,1.015061295971979
6,1959,0.9913733609385783
7,1959,1.0396797772363384
8,1959,0.9943086709072647
9,1959,0.9604377104377104
10,1959,0.9991235758106924
11,1959,1.0040350877192983
12,1959,1.0319762362397344
1,1960,0.9825601083643752
2,1960,0.9612269515767706
3,1960,0.9863750448189316
4,1960,1.0129043984005814
5,1960,0.9908487349721873
6,1960,1.0369431365447301
7,1960,0.9752008382815229
8,1960,1.0119985673352434
9,1960,0.9699168288798443
10,1960,0.980295566502463
11,1960,1.0323841429369067
12,1960,1.023976924463674
1,1961,1.0514084507042254
2,1961,1.0410247823174816
3,1961,1.0313656104230338
4,1961,1.0266687461010604
5,1961,1.0101777305180009
6,1961,0.9867669172932332
7,1961,0.9972569338616274
8,1961,1.0359107579462103
9,1961,0.9921817377194276
10,1961,1.0110020814748735
11,1961,1.0452941176470587
12,1961,1.0092853123241419
1,1962,0.9627822693058266
2,1962,1.0166497755899813
3,1962,1.0009968669894618
4,1962,0.9681320244700525
5,1962,0.9256429096252756
6,1962,0.8831560565169074
7,1962,1.0240877224519143
8,1962,1.0272073020888188
9,1962,0.9911141490088857
10,1962,0.9684482758620689
11,1962,1.0688979882499554
12,1962,1.0433044636908728
1,1963,1.038633461047254
2,1963,1.0132185674761758
3,1963,0.9962075242718447
4,1963,1.0470534490634993
5,1963,1.0200698080279231
6,1963,0.9995722840034217
7,1963,0.9851661674511482
8,1963,1.0276531055450993
9,1963,1.0263454494223723
10,1963,1.0024708304735759
11,1963,0.9943858688210325
12,1963,1.0213439823740016
1,1964,1.0307401914520695
2,1964,1.0122956180510136
3,1964,1.0182194081922729
4,1964,1.0144670050761422
5,1964,1.0097573179884913
6,1964,0.9940535183349851
7,1964,1.0371385842472582
8,1964,0.9853400624849796
9,1964,1.0171951219512194
10,1964,1.0172641170123486
11,1964,1.0069534472598705
12,1964,0.9826779026217229
1,1965,1.0257265364459267
2,1965,1.007315373896888
3,1965,1.0009221902017291
4,1965,1.013129102844639
5,1965,1.0148914402637264
6,1965,0.9525089605734768
7,1965,0.9984713076199434
8,1965,1.0186079378165116
9,1965,1.033414267545381
10,1965,1.02248825240546
11,1965,1.0083160083160083
12,1965,0.9954422137818772
1,1966,1.0173334786874522
2,1966,0.993249035576511
3,1966,0.9588952422052001
4,1966,1.0306030603060305
5,1966,0.9473799126637555
6,1966,0.9917031574095414
7,1966,0.9974436439693237
8,1966,0.9395386766076421
9,1966,0.96478611283323
10,1966,0.9912607633980207
11,1966,1.0500453779333592
12,1966,1.0041980491418694
1,1967,1.0383622279601623
2,1967,1.0344582593250444
3,1967,1.023580586080586
4,1967,1.0172220979646611
5,1967,1.017919964819701
6,1967,0.9874716492061778
7,1967,1.0172809799846878
8,1967,1.0159122674981185
9,1967,1.0139697322467986
10,1967,0.9984344014194761
11,1967,0.9686389295421285
12,1967,1.028491258363911
1,1968,0.9972717733473244
2,1968,0.954861111111111
3,1968,0.9817079889807163
4,1968,1.073857896509148
5,1968,1.0229957144350372
6,1968,1.0268723817308674
7,1968,0.9980099502487562
8,1968,0.9781655034895315
9,1968,1.0325145245133014
10,1968,1.0246791707798617
11,1968,1.0154142581888248
12,1968,1.0104364326375712
1,1969,0.9577464788732394
2,1969,0.9950980392156863
3,1969,0.9783251231527093
4,1969,1.0201409869083584
5,1969,1.0325765054294176
6,1969,0.9478011472275334
7,1969,0.9553157151502925
8,1969,0.9944039700137263
9,1969,1.0035039286472711
10,1969,1.0106866998201247
11,1969,1.0072236180904521
12,1969,0.9469909572809478
1,1970,0.9912194051146965
2,1970,0.9651201417340272
3,1970,1.0170949977053696
4,1970,0.9695431472081217
5,1970,0.884933100639907
6,1970,0.9938206678937682
7,1970,1.0017198042069055
8,1970,1.02905441098785
9,1970,1.0598049281314168
10,1970,1.0216759505933641
11,1970,0.9989332701197108
12,1970,1.0684622686283816
1,1971,1.038200999444753
2,1971,1.038720718793454
3,1971,1.0256410256410255
4,1971,1.034136546184739
5,1971,0.9864077669902912
6,1971,0.981496062992126
7,1971,0.9927797833935018
8,1971,0.9822222222222221
9,1971,1.0222130810366106
10,1971,0.9787726358148894
11,1971,0.9536437455031349
12,1971,1.068872601853848
1,1972,1.0416456589694463
2,1972,1.0183930300096806
3,1972,1.023764258555133
4,1972,1.0102135561745589
5,1972,0.989889705882353
6,1972,1.0027855153203342
7,1972,0.9925925925925926
8,1972,1.0354477611940298
9,1972,0.9855855855855856
10,1972,1.0018281535648994
11,1972,1.0501824817518248
12,1972,1.0208514335360557
1,1973,1.0076595744680852
2,1973,0.964527027027027
3,1973,0.9842381786339756
4,1973,0.9813167259786476
5,1973,0.9718948322756121
6,1973,0.9776119402985075
7,1973,1.0095419847328244
8,1973,0.9810964083175804
9,1973,1.0173410404624277
10,1973,1.0397727272727273
11,1973,0.9289617486338798
12,1973,0.9292156862745097
1,1974,1.0140324963072378
2,1974,0.9723233794610344
3,1974,1.0426966292134832
4,1974,0.9488916256157635
5,1974,0.9698247890979884
6,1974,1.0013382402141184
7,1974,0.8832832163938078
8,1974,0.9586432984491237
9,1974,0.8959621202157044
10,1974,1.0193775689958895
11,1974,1.0331221198156681
12,1974,0.9349038193476442
1,1975,1.0818547785895334
2,1975,1.1039140022050715
3,1975,1.0459425717852684
4,1975,1.0112198615421342
5,1975,1.0635033050047213
6,1975,1.025527192008879
7,1975,1.0009740259740258
8,1975,0.9266947778138176
9,1975,0.9878660599696653
10,1975,1.0460611786937521
11,1975,1.0169357570283393
12,1975,0.9847896080826025
1,1976,1.0919954904171363
2,1976,1.03861243031179
3,1976,1.0049701789264414
4,1976,1.0079129574678538
5,1976,0.9931305201177625
6,1976,1.0059288537549407
7,1976,1.0235756385068764
8,1976,0.991362763915547
9,1976,1.021297192642788
10,1976,0.9658767772511849
11,1976,0.9931305201177625
12,1976,1.034584980237154
1,1977,0.991404011461318
2,1977,0.9730250481695568
3,1977,0.996039603960396
4,1977,0.9845924453280318
5,1977,0.9970721857647653
6,1977,1.0053665451599838
7,1977,1.0091650720112801
8,1977,0.9755489021956087
9,1977,0.9844501278772378
10,1977,0.9741244934012261
11,1977,1.005760614465543
12,1977,0.9951209164191768
1,1978,0.9619484118524835
2,1978,0.9859279778393353
3,1978,0.9982018431108114
4,1978,1.0437964422427382
5,1978,1.0506957178297918
6,1978,1.002566471614824
7,1978,0.9951873848044235
8,1978,1.0690400246938987
9,1978,1
10,1978,0.9682386910490856
11,1978,0.9414512922465209
12,1978,1.0147819660014783
1,1979,1.0374570804286753
2,1979,0.9851569551699931
3,1979,1.0190369540873458
4,1979,1.01998001998002
5,1979,0.9767874632713027
6,1979,1.0197533340018048
7,1979,1.0098328416912488
8,1979,1.0457643622200585
9,1979,1.0111731843575418
10,1979,0.9622467771639043
11,1979,0.9923444976076555
12,1979,1.03953712632594
1,1980,1.028756957328386
2,1980,1.0396753832281334
3,1980,0.9080659150043365
4,1980,0.9837631327602675
5,1980,1.0456310679611651
6,1980,1.064066852367688
7,1980,1.0453752181500873
8,1980,1.0308848080133557
9,1980,1.0242914979757085
10,1980,1.0292490118577073
11,1980,1.0422427035330262
12,1980,0.9837877671333826
1,1981,0.9962546816479401
2,1981,0.9654135338345865
3,1981,1.0373831775700932
4,1981,1.0090090090090091
5,1981,0.9799107142857141
6,1981,1.0045558086560367
7,1981,0.9758125472411185
8,1981,1.0038729666924864
9,1981,0.9128086419753086
10,1981,1.0126796280642434
11,1981,1.0258764607679467
12,1981,1.0073230268510984
1,1982,0.9474959612277868
2,1982,0.9761295822676899
3,1982,0.9676855895196507
4,1982,1.0496389891696751
5,1982,1.000859845227859
6,1982,0.9424398625429553
7,1982,0.9972652689152235
8,1982,1.0027422303473492
9,1982,1.115770282588879
10,1982,1.0841503267973855
11,1982,1.0406932931424266
12,1982,1.0094134685010863
1,1983,1.0351506456241033
2,1983,1.0173250173250172
3,1983,1.034741144414169
4,1983,1.0381830151415403
5,1983,1.040583386176284
6,1983,1.0140158439975626
7,1983,1.0036057692307692
8,1983,0.9724550898203592
9,1983,1.0295566502463054
10,1983,1.0029904306220097
11,1983,0.9850924269528921
12,1983,0.9951573849878934
1,1984,1.0121654501216546
2,1984,0.9453124999999999
3,1984,1.0006357279084552
4,1984,1.0012706480304956
5,1984,0.9936548223350254
6,1984,0.9776500638569605
7,1984,0.9869366427171782
8,1984,1.0880211780277962
9,1984,1.0103406326034063
10,1984,0.992173389524383
11,1984,1.0091019417475728
12,1984,0.989176187612748
1,1985,1.0431610942249239
2,1985,1.0541958041958042
3,1985,0.9917081260364842
4,1985,1.0066889632107023
5,1985,1.023809523809524
6,1985,1.0216333153055706
7,1985,1.019057702488089
8,1985,0.9781818181818183
9,1985,0.9776951672862453
10,1985,1.0114068441064639
11,1985,1.0606874328678841
12,1985,1.049620253164557
1,1986,1.004341534008683
2,1986,1.053794428434198
3,1986,1.0587967183226983
4,1986,1.0245372363323288
5,1986,1.0021008403361344
6,1986,1.028511530398323
7,1986,0.9792091316754993
8,1986,1.0199833472106579
9,1986,0.9726530612244899
10,1986,0.9962232480067142
11,1986,1.0324347093513058
12,1986,1.0142798857609139
1,1987,1.0639581657280772
2,1987,1.0620037807183365
3,1987,1.0412958348166608
4,1987,0.989059829059829
5,1987,0.9993086761147598
6,1987,1.0425458318920786
7,1987,1.028865295288653
8,1987,1.0622379877458883
9,1987,0.9675166970248937
10,1987,0.8791967367430185
11,1987,0.8743754461099216
12,1987,0.9836734693877551
1,1988,1.0394190871369295
2,1988,1.0303393213572856
3,1988,1.0294459511817124
4,1988,0.9883327060594657
5,1988,0.9752475247524753
6,1988,1.0570089808668488
7,1988,0.9940893978574068
8,1988,0.9799331103678929
9,1988,1.0163064087978764
10,1988,1.0350746268656716
11,1988,0.9769286229271811
12,1988,1.0202952029520296
1,1989,1.0321880650994575
2,1989,1.0301331464611072
3,1989,0.995578231292517
4,1989,1.0327980867782713
5,1989,1.0383724776711873
6,1989,1.0312201338005735
7,1989,1.0253320976212543
8,1989,1.0442904489304008
9,1989,1.0020196191575304
10,1989,1.0002879355024474
11,1989,0.9792746113989639
12,1989,1.0246913580246915
1,1990,0.9752438324727483
2,1990,0.9719975291937524
3,1990,1.024239673172946
4,1990,0.9991727235123797
5,1990,1.0356910521024307
6,1990,1.0289507494646681
7,1990,0.9990010821609923
8,1990,0.9186734438796768
9,1990,0.9536205593348451
10,1990,0.9737167496274688
11,1990,1.026601979682209
12,1990,1.042690856037299
1,1991,0.990083650190114
2,1991,1.112968140342253
3,1991,1.02765969193397
4,1991,1.019877511550446
5,1991,0.9955488832701221
6,1991,1.000793671790259
7,1991,1.0051283406910043
8,1991,1.024116981826789
9,1991,0.9943502824858758
10,1991,0.9991735537190082
11,1991,0.9975186104218363
12,1991,1.0067112354892205
1,1992,1.0709634243648811
2,1992,0.9915400884445299
3,1992,0.9873957727360869
4,1992,1.000122741555381
5,1992,1.018163520777595
6,1992,0.984233745570261
7,1992,1.0166066573591006
8,1992,1.0069389230213228
9,1992,1.0013160098581102
10,1992,0.9857101892563563
11,1992,1.0250666666666666
12,1992,1.0302714974931417
1,1993,0.9990588559360941
2,1993,1.014865703191416
3,1993,1.0191532714512113
4,1993,0.9842722587524436
5,1993,1.0048975354337817
6,1993,1.0063110612015722
7,1993,0.9982814801589073
8,1993,1.0152920923785462
9,1993,1.0112522845881136
10,1993,1.0101471997212785
11,1993,0.997822806639362
12,1993,1.0066106418371534
1,1994,1.015108917265801
2,1994,0.9970189644601365
3,1994,0.9835234742779594
4,1994,0.9642526034367521
5,1994,1.00820606846589
6,1994,1.008715901530273
7,1994,0.9924587208407537
8,1994,1.028444838280904
9,1994,1.005859038428399
10,1994,0.9932542401918795
11,1994,0.9939630452124792
12,1994,0.9873755449990239
1,1995,1.02210066126233
2,1995,1.03583019881784
3,1995,1.0233026228419655
4,1995,1.0299300415695023
5,1995,1.0313047587170954
6,1995,1.0296672457570495
7,1995,1.0334105868174654
8,1995,1.0031218041875236
9,1995,1.0351630269535512
10,1995,1.0071703785614319
11,1995,1.0216324710080287
12,1995,1.0319715211660203
1,1996,0.9997559269082447
2,1996,1.0571595976693466
3,1996,0.9961973088647352
4,1996,1.00015454278517
5,1996,1.0217253580975634
6,1996,1.0109946614642409
7,1996,0.963455497382199
8,1996,1.0288943748350332
9,1996,1.0184100923522665
10,1996,1.0393847795163584
11,1996,1.0487697088928805
12,1996,1.0103035328340153
1,1997,1.0309048099562732
2,1997,1.0419853305839053
3,1997,0.9921967960520547
4,1997,0.9643632599474853
5,1997,1.090531855012894
6,1997,1.0518551417013766
7,1997,1.055917561537847
8,1997,1.0021074473948708
9,1997,1.010547431085803
10,1997,1.0150903929478559
11,1997,0.9871315025863158
12,1997,1.0249755037702892
1,1998,1.001028710371271
2,1998,1.0626764657033716
3,1998,1.0518588704163165
4,1998,1.03284641029689
5,1998,0.996601330695918
6,1998,0.9999729344472312
7,1998,1.0434774763395553
8,1998,0.9291359006726728
9,1998,0.9497682901862985
10,1998,1.0115907665778336
11,1998,1.108438986120662
12,1998,1.039862639043017
1,1999,1.0493424646023277
2,1999,0.9982462743339444
3,1999,1.0281409937589245
4,1999,1.041430644632742
5,1999,0.9979846564176331
6,1999,0.9928532284339412
7,1999,1.0441873653170013
8,1999,0.961259676029515
9,1999,0.9929792314819698
10,1999,0.9862233247608427
11,1999,1.0699917692940824
12,1999,1.0270884255930985
1,2000,0.9978371643755073
2,2000,0.9742422435623144
3,2000,1.0384053223123835
4,2000,1.0132782327122956
5,2000,0.9706574697542016
6,2000,1.0306525294681632
7,2000,1.00755150619716
8,2000,1.0084589273591311
9,2000,0.9882797247990521
10,2000,0.9469296004904465
11,2000,0.9912958407066913
12,2000,0.9658137644770834
1,2001,1.003531365285928
2,2001,0.977628534848723
3,2001,0.9081753781351712
4,2001,1.0033646751275456
5,2001,1.0676813689235527
6,2001,0.975078126844935
7,2001,0.9723421947025536
8,2001,0.9784548964257546
9,2001,0.8864149342384388
10,2001,1.0305846990350742
11,2001,1.0493131089829928
12,2001,1.0134993980596274
1,2002,0.995877477225682
2,2002,0.9653221774936196
3,2002,1.0482615134418125
4,2002,0.9637195676856275
5,2002,0.9706096606800787
6,2002,0.9395598795459809
7,2002,0.8910968225478788
8,2002,1.0099160017264466
9,2002,0.9509725494493453
10,2002,0.9848123437157904
11,2002,1.0647063641575887
12,2002,0.9881859044102294
1,2003,0.9962855045708313
2,2003,0.9343521164493659
3,2003,1.0114691229705028
4,2003,1.051262062530267
5,2003,1.0516050020785817
6,2003,1.0556006666951578
7,2003,1.0045951417004049
8,2003,0.9969673766296573
9,2003,1.0302264711529716
10,2003,1.0189221533390882
11,2003,1.0107535163131902
12,2003,1.0292789789503762
1,2004,1.0480085875037013
2,2004,1.0095715748949246
3,2004,0.983049958018472
4,2004,1.0083453442232067
5,2004,0.9730182819227784
6,2004,1.0271858394240012
7,2004,0.9762438645432394
8,2004,0.9847085951982639
9,2004,1.0263742722280382
10,2004,0.9995973730830485
11,2004,1.0463028436909803
12,2004,1.0258952555306518
1,2005,0.985156894955846
2,2005,1.0154222496846987
3,2005,0.9960571176112634
4,2005,0.9744999581554942
5,2005,1.0118942315124138
6,2005,1.0203432121397291
7,2005,1.0166271574131835
8,2005,1.0016608849325828
9,2005,1.0013477419196746
10,2005,0.9722983555207518
11,2005,1.0380969160038926
12,2005,1.0199616929455215
1,2006,1.0132005356279763
2,2006,0.9983733860940152
3,2006,1.0133865977362628
4,2006,1.0065159923941442
5,2006,0.990661741554482
6,2006,0.9714420818443268
7,2006,1.0056416926673954
8,2006,1.0213530756046467
9,2006,1.0237656838752283
10,2006,1.034635056991516
11,2006,1.0185274831668354
12,2006,1.0200051849291394
1,2007,1.005464480874317
2,2007,1.0144927536231882
3,2007,0.9738026024363234
4,2007,1.0402928320125093
5,2007,1.0324533355196632
6,2007,1.0020183437669574
7,2007,1.004305932544793
8,2007,0.9565400372194567
9,2007,1.0292172526158034
10,2007,1.0284145559474192
11,2007,0.9504630892534714
12,2007,1.010817348758704
1,2008,0.932085829017996
2,2008,0.9826728364617482
3,2008,0.9720046941773013
4,2008,1.0406472580375719
5,2008,1.0238969112786125
6,2008,0.9558372885221135
7,2008,0.9374315004659831
8,2008,1.0191994146325944
9,2008,0.9496515720227552
10,2008,0.7960885821110152
11,2008,0.9114781172584641
12,2008,0.9937941656097119
1,2009,0.9863485117826702
2,2009,0.9302779639085931
3,2009,0.9402655142009115
4,2009,1.1202171357626827
5,2009,1.063974532806697
6,2009,1.026274088274731
7,2009,1.0104738046905368
8,2009,1.0789788634566475
9,2009,1.0344844661444148
10,2009,1.0221243597721508
11,2009,1.0191165726916807
12,2009,1.0205041955021277
1,2010,1.011887822186999
2,2010,0.9693657772477261
3,2010,1.0577417459326452
4,2010,1.0392951694804913
5,2010,0.9396485484248154
6,2010,0.9629353101167937
7,2010,0.996713927041796
8,2010,1.0069272087423597
9,2010,1.0320064748730777
10,2010,1.0441145016398117
11,2010,1.0233104013383638
12,2010,1.035566232098024
1,2011,1.0330962602595184
2,2011,1.030016684598712
3,2011,0.9874121957127285
4,2011,1.020713075608092
5,2011,1.005106983800347
6,2011,0.961877293003863
7,2011,1.0294416953444834
8,2011,0.8944453248213463
9,2011,0.9903569530333839
10,2011,1.0284015401915017
11,2011,1.0159043090737396
12,2011,1.0137799448802203
1,2012,1.0460541131808383
2,2012,1.0399129619093022
3,2012,1.0271721047845086
4,2012,0.9979773113356943
5,2012,0.9674271329962565
6,2012,0.9867364512737927
7,2012,1.0274276906337836
8,2012,1.0321154892703233
9,2012,1.0284798175923617
10,2012,0.9961203253384321
11,2012,0.9698780097647828
12,2012,1.0199209758266343
1,2013,1.0408566466754319
2,2013,1.0215549851391514
3,2013,1.0254709682538632
4,2013,1.01281249395485
5,2013,1.0440185904373844
6,2013,0.9871511854815105
7,2013,1.0308320514958889
8,2013,1.0008449792650478
9,2013,1.0102269937548276
10,2013,1.019476401311071
11,2013,1.036923774585327
12,2013,1.0135909483386971
1,2014,1.0080651406697718
2,2014,0.9970807085317941
3,2014,1.025580064280368
4,2014,1.0003970979651413
5,2014,1.0136837136450925
6,2014,1.0303317334913773
7,2014,1.0133583963761306
8,2014,0.9941361309614313
9,2014,1.0161608540272136
10,2014,0.9719249660099436
11,2014,1.0553872201603287
12,2014,1.0047442738570946
1,2015,0.9872996246841944
2,2015,1.026634716839728
3,2015,0.9989386226107003
4,2015,1.007149072832081
5,2015,1.0081532894799652
6,2015,0.994010246503215
7,2015,0.9975467896288744
8,2015,0.9740848271844289
9,2015,0.9532029001848158
10,2015,1.0413493039019548
11,2015,1.0275630799926907
12,2015,0.987244186828926
1,2016,0.9340434647141299
2,2016,0.9926091942041072
3,2016,1.061714327721826
4,2016,1.0265041173124954
5,2016,0.9951867947618452
6,2016,1.0088789910677542
7,2016,1.0311964643047378
8,2016,1.0102610638000837
9,2016,0.9938920748980862
10,2016,0.9932010622471253
11,2016,1.0102518875232147
12,2016,1.0377091811047627
1,2017,1.0126812158655407
2,2017,1.024082246211189
3,2017,1.0158418136322864
4,2017,0.9968269661402218
5,2017,1.0152756526272513
6,2017,1.0161312543052163
7,2017,1.0082621539118897
8,2017,1.000863860478383
9,2017,1.0149090879481482
10,2017,1.0257377128094862
11,2017,1.0143175596402034
12,2017,1.0272708695601882
1,2018,1.0470885847902296
2,2018,0.9696609075919421
3,2018,0.9991165032752222
4,2018,0.9818186527155475
5,2018,1.018035671890957
6,2018,1.0195669797037932
7,2018,1.014264708551927
8,2018,1.0229736114889536
9,2018,1.0152843776025082
10,2018,0.9600068929863864
11,2018,0.9776589863074681
12,2018,0.9427444615401563
1,2019,1.0156116713602954
2,2019,1.0565584741829954
3,2019,1.0178303071662445
4,2019,1.0355993979985592
5,2019,0.983094565741442
6,2019,1.0124215769727924
7,2019,1.0366552832532343
8,2019,0.9670873232291204
9,2019,1.029218291630716
10,2019,0.9984977331866836
11,2019,1.0427245372236105
12,2019,1.0231408418950692
1,2020,1.0319351538522075
2,2020,0.9997285095479227
3,2020,0.8093192282695258
4,2020,1.041317453315689
5,2020,1.0570749969224975
6,2020,1.0633781108500422
7,2020,1.0331630516707144
8,2020,1.0573914615821076
9,2020,0.9922782313346363
10,2020,1.0158014214742446
11,2020,1.03811097785708
12,2020,1.0412286312443824
1,2021,1.026639172356311
2,2021,1.0236388797364084
3,2021,1.0069732169757148
4,2021,1.0589871909290605
5,2021,1.0064401933748353
6,2021,1.0169487865446212
7,2021,1.0295435402702378
8,2021,1.0207392333587704
9,2021,0.9980535268880453
10,2021,1.0034124088412206
11,2021,1.046333431225074
12,2021,1.001581183487988
1,2022,0.9784053547019423
2,2022,0.9698632652793507
3,2022,0.9899210546485784
4,2022,1.0000068317366047
5,2022,0.9200828911711794
6,2022,0.9650006435070142
7,2022,1.0032778055630363
8,2022,1.0630999583304575
9,2022,0.9259262821745988
10,2022,0.9676744959122405
11,2022,1.051378805974155
12,2022,0.9986955933518656
1,2023,1.0123403145911183
2,2023,1.0300505471310337
3,2023,0.9727625696133029
4,2023,1.0385303485395208
5,2023,1.0059930073493195
6,2023,1.0480443397159305
7,2023,1.0374444523711446
8,2023,0.9887490905219072
9,2023,0.9891729633684514
10,2023,0.9683155292463312
11,2023,1.0446573288986745
12,2023,1.0504455097016632
1,2024,1.0278673653429524
2,2024,1.0407736506901515
3,2024,1.0316463020455071
4,2024,0.9887671958797579
5,2024,1.0240078709200409
6,2024,1.0343652523384839
7,2024,1.0226882407472382
8,2024,0.9892036836403033
9,2024,1.0261125440609251
10,2024,1.030430899833845
11,2024,1.0237555936136127
12,2024,1.0235854783875666
